0
1.4013e-45
4.2039e-45
9.80909e-45
2.10195e-44
4.34403e-44
8.82818e-44
1.77965e-43
3.57331e-43
7.16064e-43
1.43353e-42
2.86846e-42
5.73832e-42
1.1478e-41
2.29575e-41
4.59163e-41
9.18341e-41
1.8367e-40
3.67341e-40
7.34683e-40
1.46937e-39
2.93873e-39
5.87747e-39
2.35099e-38
1.17549e-38
1.17549e-38
1.1755e-38
1.1755e-38
1.1755e-38
1.1755e-38
1.17551e-38
1.17553e-38
1.17557e-38
1.17564e-38
1.17578e-38
1.17607e-38
1.17664e-38
1.17779e-38
1.18009e-38
1.18468e-38
1.19386e-38
1.21223e-38
1.24896e-38
1.32243e-38
1.46937e-38
1.76324e-38
4.70198e-38
4.70198e-38
2.35099e-38
2.35099e-38
2.35099e-38
2.351e-38
2.35101e-38
2.35102e-38
2.35106e-38
2.35113e-38
2.35127e-38
2.35156e-38
2.35214e-38
2.35328e-38
2.35558e-38
2.36017e-38
2.36935e-38
2.38772e-38
2.42446e-38
2.49792e-38
2.64486e-38
2.93874e-38
3.52648e-38
9.40395e-38
9.40395e-38
4.70198e-38
4.70198e-38
4.70198e-38
4.70199e-38
4.70201e-38
4.70205e-38
4.70212e-38
4.70226e-38
4.70255e-38
4.70312e-38
4.70427e-38
4.70657e-38
4.71116e-38
4.72034e-38
4.73871e-38
4.77544e-38
4.84891e-38
4.99585e-38
5.28972e-38
5.87747e-38
7.05296e-38
1.88079e-37
1.88079e-37
1.88079e-37
9.40396e-38
9.40397e-38
9.40399e-38
9.40402e-38
9.40409e-38
9.40424e-38
9.40452e-38
9.4051e-38
9.40625e-38
9.40854e-38
9.41313e-38
9.42232e-38
9.44068e-38
9.47742e-38
9.55089e-38
9.69782e-38
9.9917e-38
1.05794e-37
1.17549e-37
1.41059e-37
3.76158e-37
3.76158e-37
3.76158e-37
1.88079e-37
1.88079e-37
1.8808e-37
1.8808e-37
1.88082e-37
1.88085e-37
1.8809e-37
1.88102e-37
1.88125e-37
1.88171e-37
1.88263e-37
1.88446e-37
1.88814e-37
1.89548e-37
1.91018e-37
1.93956e-37
1.99834e-37
2.11589e-37
2.35099e-37
2.82119e-37
7.52316e-37
7.52316e-37
7.52316e-37
3.76158e-37
3.76159e-37
3.76159e-37
3.76161e-37
3.76164e-37
3.76169e-37
3.76181e-37
3.76204e-37
3.7625e-37
3.76342e-37
3.76525e-37
3.76893e-37
3.77627e-37
3.79097e-37
3.82035e-37
3.87913e-37
3.99668e-37
4.23178e-37
4.70197e-37
5.64237e-37
1.50463e-36
1.50463e-36
1.50463e-36
7.52316e-37
7.52317e-37
7.52319e-37
7.52321e-37
7.52327e-37
7.52339e-37
7.52362e-37
7.52408e-37
7.52499e-37
7.52683e-37
7.5305e-37
7.53785e-37
7.55254e-37
7.58193e-37
7.64071e-37
7.75826e-37
7.99335e-37
8.46355e-37
9.40395e-37
1.12847e-36
3.00926e-36
3.00926e-36
3.00926e-36
3.00927e-36
1.50463e-36
1.50464e-36
1.50464e-36
1.50465e-36
1.50468e-36
1.50472e-36
1.50481e-36
1.505e-36
1.50537e-36
1.5061e-36
1.50757e-36
1.51051e-36
1.51639e-36
1.52814e-36
1.55165e-36
1.59867e-36
1.69271e-36
1.88079e-36
2.25695e-36
6.01853e-36
6.01853e-36
6.01853e-36
6.01853e-36
3.00927e-36
3.00927e-36
3.00928e-36
3.00931e-36
3.00935e-36
3.00945e-36
3.00963e-36
3.01e-36
3.01073e-36
3.0122e-36
3.01514e-36
3.02102e-36
3.03277e-36
3.05628e-36
3.1033e-36
3.19734e-36
3.38542e-36
3.76158e-36
4.51389e-36
1.20371e-35
1.20371e-35
1.20371e-35
1.20371e-35
6.01853e-36
6.01855e-36
6.01857e-36
6.01862e-36
6.01871e-36
6.01889e-36
6.01926e-36
6.01999e-36
6.02146e-36
6.0244e-36
6.03028e-36
6.04203e-36
6.06554e-36
6.11256e-36
6.2066e-36
6.39468e-36
6.77084e-36
7.52316e-36
9.02779e-36
2.40741e-35
2.40741e-35
2.40741e-35
2.40741e-35
1.20371e-35
1.20371e-35
1.20371e-35
1.20372e-35
1.20374e-35
1.20378e-35
1.20385e-35
1.204e-35
1.20429e-35
1.20488e-35
1.20606e-35
1.20841e-35
1.21311e-35
1.22251e-35
1.24132e-35
1.27894e-35
1.35417e-35
1.50463e-35
1.80556e-35
4.81482e-35
4.81482e-35
4.81482e-35
4.81482e-35
2.40741e-35
2.40742e-35
2.40743e-35
2.40745e-35
2.40748e-35
2.40756e-35
2.4077e-35
2.408e-35
2.40858e-35
2.40976e-35
2.41211e-35
2.41681e-35
2.42622e-35
2.44502e-35
2.48264e-35
2.55787e-35
2.70834e-35
3.00926e-35
3.61111e-35
9.62964e-35
9.62964e-35
9.62964e-35
9.62965e-35
4.81483e-35
4.81484e-35
4.81485e-35
4.81489e-35
4.81496e-35
4.81511e-35
4.8154e-35
4.81599e-35
4.81717e-35
4.81952e-35
4.82422e-35
4.83362e-35
4.85243e-35
4.89005e-35
4.96528e-35
5.11574e-35
5.41667e-35
6.01852e-35
7.22223e-35
1.92593e-34
1.92593e-34
1.92593e-34
1.92593e-34
9.62965e-35
9.62967e-35
9.62971e-35
9.62978e-35
9.62993e-35
9.63022e-35
9.63081e-35
9.63198e-35
9.63433e-35
9.63904e-35
9.64844e-35
9.66725e-35
9.70486e-35
9.7801e-35
9.93056e-35
1.02315e-34
1.08333e-34
1.2037e-34
1.44445e-34
3.85186e-34
3.85186e-34
3.85186e-34
3.85186e-34
1.92593e-34
1.92593e-34
1.92594e-34
1.92596e-34
1.92599e-34
1.92604e-34
1.92616e-34
1.9264e-34
1.92687e-34
1.92781e-34
1.92969e-34
1.93345e-34
1.94097e-34
1.95602e-34
1.98611e-34
2.0463e-34
2.16667e-34
2.40741e-34
2.88889e-34
7.70371e-34
7.70371e-34
7.70371e-34
7.70372e-34
7.70372e-34
3.85187e-34
3.85188e-34
3.85191e-34
3.85197e-34
3.85209e-34
3.85232e-34
3.85279e-34
3.85373e-34
3.85561e-34
3.85938e-34
3.8669e-34
3.88194e-34
3.91204e-34
3.97222e-34
4.09259e-34
4.33333e-34
4.81482e-34
5.77778e-34
1.54074e-33
1.54074e-33
1.54074e-33
1.54074e-33
1.54074e-33
7.70373e-34
7.70376e-34
7.70382e-34
7.70394e-34
7.70417e-34
7.70464e-34
7.70558e-34
7.70746e-34
7.71123e-34
7.71875e-34
7.7338e-34
7.76389e-34
7.82407e-34
7.94444e-34
8.18519e-34
8.66667e-34
9.62963e-34
1.15556e-33
3.08148e-33
3.08148e-33
3.08149e-33
3.08149e-33
3.08149e-33
1.54075e-33
1.54075e-33
1.54076e-33
1.54079e-33
1.54083e-33
1.54093e-33
1.54112e-33
1.54149e-33
1.54225e-33
1.54375e-33
1.54676e-33
1.55278e-33
1.56481e-33
1.58889e-33
1.63704e-33
1.73333e-33
1.92593e-33
2.31111e-33
6.16297e-33
6.16297e-33
6.16297e-33
6.16297e-33
6.16297e-33
3.08149e-33
3.0815e-33
3.08153e-33
3.08157e-33
3.08167e-33
3.08186e-33
3.08223e-33
3.08299e-33
3.08449e-33
3.0875e-33
3.09352e-33
3.10555e-33
3.12963e-33
3.17778e-33
3.27407e-33
3.46667e-33
3.85185e-33
4.62222e-33
1.23259e-32
1.23259e-32
1.23259e-32
1.23259e-32
1.23259e-32
6.16298e-33
6.16301e-33
6.16305e-33
6.16315e-33
6.16334e-33
6.16371e-33
6.16447e-33
6.16597e-33
6.16898e-33
6.175e-33
6.18703e-33
6.21111e-33
6.25926e-33
6.35555e-33
6.54815e-33
6.93333e-33
7.7037e-33
9.24445e-33
2.46519e-32
2.46519e-32
2.46519e-32
2.46519e-32
2.46519e-32
1.2326e-32
1.2326e-32
1.23261e-32
1.23263e-32
1.23267e-32
1.23274e-32
1.23289e-32
1.23319e-32
1.2338e-32
1.235e-32
1.23741e-32
1.24222e-32
1.25185e-32
1.27111e-32
1.30963e-32
1.38667e-32
1.54074e-32
1.84889e-32
4.93037e-32
4.93037e-32
4.93038e-32
4.93038e-32
4.93038e-32
2.46519e-32
2.4652e-32
2.46522e-32
2.46526e-32
2.46533e-32
2.46548e-32
2.46579e-32
2.46639e-32
2.46759e-32
2.47e-32
2.47481e-32
2.48444e-32
2.5037e-32
2.54222e-32
2.61926e-32
2.77333e-32
3.08148e-32
3.69778e-32
9.86075e-32
9.86075e-32
9.86075e-32
9.86075e-32
9.86076e-32
4.93039e-32
4.9304e-32
4.93044e-32
4.93052e-32
4.93067e-32
4.93097e-32
4.93157e-32
4.93277e-32
4.93518e-32
4.94e-32
4.94963e-32
4.96889e-32
5.0074e-32
5.08444e-32
5.23852e-32
5.54666e-32
6.16296e-32
7.39556e-32
1.97215e-31
1.97215e-31
1.97215e-31
1.97215e-31
1.97215e-31
9.86077e-32
9.86081e-32
9.86088e-32
9.86103e-32
9.86133e-32
9.86194e-32
9.86314e-32
9.86555e-32
9.87036e-32
9.87999e-32
9.89925e-32
9.93777e-32
1.00148e-31
1.01689e-31
1.0477e-31
1.10933e-31
1.23259e-31
1.47911e-31
3.9443e-31
3.9443e-31
3.9443e-31
3.9443e-31
3.9443e-31
1.97215e-31
1.97216e-31
1.97218e-31
1.97221e-31
1.97227e-31
1.97239e-31
1.97263e-31
1.97311e-31
1.97407e-31
1.976e-31
1.97985e-31
1.98755e-31
2.00296e-31
2.03378e-31
2.09541e-31
2.21867e-31
2.46518e-31
2.95822e-31
7.8886e-31
7.8886e-31
7.8886e-31
7.8886e-31
7.8886e-31
3.94431e-31
3.94432e-31
3.94435e-31
3.94441e-31
3.94453e-31
3.94477e-31
3.94525e-31
3.94622e-31
3.94814e-31
3.952e-31
3.9597e-31
3.97511e-31
4.00592e-31
4.06755e-31
4.19081e-31
4.43733e-31
4.93037e-31
5.91644e-31
1.57772e-30
1.57772e-30
1.57772e-30
1.57772e-30
1.57772e-30
7.88861e-31
7.88864e-31
7.8887e-31
7.88882e-31
7.88906e-31
7.88955e-31
7.89051e-31
7.89243e-31
7.89629e-31
7.90399e-31
7.9194e-31
7.95021e-31
8.01184e-31
8.1351e-31
8.38162e-31
8.87466e-31
9.86073e-31
1.18329e-30
3.15544e-30
3.15544e-30
3.15544e-30
3.15544e-30
3.15544e-30
1.57772e-30
1.57773e-30
1.57774e-30
1.57776e-30
1.57781e-30
1.57791e-30
1.5781e-30
1.57849e-30
1.57926e-30
1.5808e-30
1.58388e-30
1.59004e-30
1.60237e-30
1.62702e-30
1.67632e-30
1.77493e-30
1.97215e-30
2.36658e-30
6.31088e-30
6.31088e-30
6.31088e-30
6.31088e-30
6.31088e-30
3.15544e-30
3.15546e-30
3.15548e-30
3.15553e-30
3.15562e-30
3.15582e-30
3.1562e-30
3.15697e-30
3.15851e-30
3.1616e-30
3.16776e-30
3.18008e-30
3.20474e-30
3.25404e-30
3.35265e-30
3.54986e-30
3.94429e-30
4.73315e-30
1.26218e-29
1.26218e-29
1.26218e-29
1.26218e-29
1.26218e-29
6.31089e-30
6.31091e-30
6.31096e-30
6.31106e-30
6.31125e-30
6.31163e-30
6.3124e-30
6.31395e-30
6.31703e-30
6.32319e-30
6.33552e-30
6.36017e-30
6.40947e-30
6.50808e-30
6.70529e-30
7.09972e-30
7.88859e-30
9.46631e-30
2.52435e-29
2.52435e-29
2.52435e-29
2.52435e-29
2.52435e-29
1.26218e-29
1.26218e-29
1.26219e-29
1.26221e-29
1.26225e-29
1.26233e-29
1.26248e-29
1.26279e-29
1.26341e-29
1.26464e-29
1.2671e-29
1.27203e-29
1.28189e-29
1.30162e-29
1.34106e-29
1.41994e-29
1.57772e-29
1.89326e-29
5.0487e-29
5.0487e-29
5.0487e-29
5.0487e-29
5.0487e-29
5.04871e-29
2.52436e-29
2.52438e-29
2.52442e-29
2.5245e-29
2.52465e-29
2.52496e-29
2.52558e-29
2.52681e-29
2.52928e-29
2.53421e-29
2.54407e-29
2.56379e-29
2.60323e-29
2.68212e-29
2.83989e-29
3.15543e-29
3.78652e-29
1.00974e-28
1.00974e-28
1.00974e-28
1.00974e-28
1.00974e-28
1.00974e-28
5.04873e-29
5.04877e-29
5.04884e-29
5.049e-29
5.04931e-29
5.04992e-29
5.05115e-29
5.05362e-29
5.05855e-29
5.06841e-29
5.08813e-29
5.12758e-29
5.20646e-29
5.36423e-29
5.67978e-29
6.31087e-29
7.57304e-29
2.01948e-28
2.01948e-28
2.01948e-28
2.01948e-28
2.01948e-28
2.01948e-28
1.00975e-28
1.00975e-28
1.00977e-28
1.0098e-28
1.00986e-28
1.00998e-28
1.01023e-28
1.01072e-28
1.01171e-28
1.01368e-28
1.01763e-28
1.02551e-28
1.04129e-28
1.07285e-28
1.13596e-28
1.26217e-28
1.51461e-28
4.03896e-28
4.03896e-28
4.03896e-28
4.03896e-28
4.03896e-28
4.03897e-28
2.01949e-28
2.01951e-28
2.01954e-28
2.0196e-28
2.01972e-28
2.01997e-28
2.02046e-28
2.02145e-28
2.02342e-28
2.02736e-28
2.03525e-28
2.05103e-28
2.08258e-28
2.14569e-28
2.27191e-28
2.52435e-28
3.02922e-28
8.07792e-28
8.07792e-28
8.07792e-28
8.07792e-28
8.07793e-28
8.07793e-28
4.03898e-28
4.03901e-28
4.03907e-28
4.0392e-28
4.03944e-28
4.03994e-28
4.04092e-28
4.04289e-28
4.04684e-28
4.05473e-28
4.0705e-28
4.10206e-28
4.16517e-28
4.29139e-28
4.54382e-28
5.04869e-28
6.05843e-28
1.61558e-27
1.61558e-27
1.61558e-27
1.61558e-27
1.61559e-27
1.61559e-27
8.07796e-28
8.07802e-28
8.07815e-28
8.07839e-28
8.07889e-28
8.07987e-28
8.08184e-28
8.08579e-28
8.09368e-28
8.10945e-28
8.14101e-28
8.20412e-28
8.33033e-28
8.58277e-28
9.08764e-28
1.00974e-27
1.21169e-27
3.23117e-27
3.23117e-27
3.23117e-27
3.23117e-27
3.23117e-27
3.23117e-27
1.61559e-27
1.6156e-27
1.61563e-27
1.61568e-27
1.61578e-27
1.61597e-27
1.61637e-27
1.61716e-27
1.61874e-27
1.62189e-27
1.6282e-27
1.64082e-27
1.66607e-27
1.71655e-27
1.81753e-27
2.01948e-27
2.42337e-27
6.46233e-27
6.46233e-27
6.46233e-27
6.46234e-27
6.46234e-27
6.46235e-27
3.23118e-27
3.23121e-27
3.23126e-27
3.23136e-27
3.23155e-27
3.23195e-27
3.23274e-27
3.23431e-27
3.23747e-27
3.24378e-27
3.2564e-27
3.28165e-27
3.33213e-27
3.43311e-27
3.63506e-27
4.03895e-27
4.84675e-27
1.29247e-26
1.29247e-26
1.29247e-26
1.29247e-26
1.29247e-26
1.29247e-26
6.46237e-27
6.46242e-27
6.46251e-27
6.46271e-27
6.46311e-27
6.46389e-27
6.46547e-27
6.46863e-27
6.47494e-27
6.48756e-27
6.5128e-27
6.56329e-27
6.66427e-27
6.86621e-27
7.27011e-27
8.0779e-27
9.69349e-27
2.58493e-26
2.58493e-26
2.58493e-26
2.58493e-26
2.58494e-26
2.58494e-26
1.29247e-26
1.29248e-26
1.2925e-26
1.29254e-26
1.29262e-26
1.29278e-26
1.29309e-26
1.29373e-26
1.29499e-26
1.29751e-26
1.30256e-26
1.31266e-26
1.33285e-26
1.37324e-26
1.45402e-26
1.61558e-26
1.9387e-26
5.16987e-26
5.16987e-26
5.16987e-26
5.16987e-26
5.16987e-26
5.16988e-26
2.58495e-26
2.58497e-26
2.58501e-26
2.58508e-26
2.58524e-26
2.58556e-26
2.58619e-26
2.58745e-26
2.58997e-26
2.59502e-26
2.60512e-26
2.62532e-26
2.66571e-26
2.74648e-26
2.90804e-26
3.23116e-26
3.8774e-26
1.03397e-25
1.03397e-25
1.03397e-25
1.03397e-25
1.03397e-25
1.03398e-25
5.16989e-26
5.16993e-26
5.17001e-26
5.17017e-26
5.17048e-26
5.17111e-26
5.17238e-26
5.1749e-26
5.17995e-26
5.19005e-26
5.21024e-26
5.25063e-26
5.33141e-26
5.49297e-26
5.81609e-26
6.46232e-26
7.75479e-26
2.06795e-25
2.06795e-25
2.06795e-25
2.06795e-25
2.06795e-25
2.06795e-25
1.03398e-25
1.03399e-25
1.034e-25
1.03403e-25
1.0341e-25
1.03422e-25
1.03448e-25
1.03498e-25
1.03599e-25
1.03801e-25
1.04205e-25
1.05013e-25
1.06628e-25
1.09859e-25
1.16322e-25
1.29246e-25
1.55096e-25
4.13589e-25
4.13589e-25
4.13589e-25
4.13589e-25
4.1359e-25
4.1359e-25
2.06796e-25
2.06797e-25
2.068e-25
2.06807e-25
2.06819e-25
2.06845e-25
2.06895e-25
2.06996e-25
2.07198e-25
2.07602e-25
2.0841e-25
2.10025e-25
2.13256e-25
2.19719e-25
2.32643e-25
2.58493e-25
3.10192e-25
8.27178e-25
8.27178e-25
8.27178e-25
8.27179e-25
8.27179e-25
8.2718e-25
4.13591e-25
4.13594e-25
4.13601e-25
4.13613e-25
4.13638e-25
4.13689e-25
4.1379e-25
4.13992e-25
4.14396e-25
4.15204e-25
4.16819e-25
4.2005e-25
4.26513e-25
4.39437e-25
4.65287e-25
5.16986e-25
6.20383e-25
1.65436e-24
1.65436e-24
1.65436e-24
1.65436e-24
1.65436e-24
1.65436e-24
8.27182e-25
8.27189e-25
8.27201e-25
8.27226e-25
8.27277e-25
8.27378e-25
8.2758e-25
8.27984e-25
8.28791e-25
8.30407e-25
8.33638e-25
8.40101e-25
8.53025e-25
8.78875e-25
9.30573e-25
1.03397e-24
1.24077e-24
3.30871e-24
3.30871e-24
3.30871e-24
3.30871e-24
3.30872e-24
3.30872e-24
1.65436e-24
1.65438e-24
1.6544e-24
1.65445e-24
1.65455e-24
1.65476e-24
1.65516e-24
1.65597e-24
1.65758e-24
1.66081e-24
1.66728e-24
1.6802e-24
1.70605e-24
1.75775e-24
1.86115e-24
2.06794e-24
2.48153e-24
6.61743e-24
6.61743e-24
6.61743e-24
6.61743e-24
6.61743e-24
6.61744e-24
3.30873e-24
3.30875e-24
3.3088e-24
3.3089e-24
3.30911e-24
3.30951e-24
3.31032e-24
3.31193e-24
3.31517e-24
3.32163e-24
3.33455e-24
3.3604e-24
3.4121e-24
3.5155e-24
3.72229e-24
4.13588e-24
4.96306e-24
1.32349e-23
1.32349e-23
1.32349e-23
1.32349e-23
1.32349e-23
1.32349e-23
6.61746e-24
6.61751e-24
6.61761e-24
6.61781e-24
6.61821e-24
6.61902e-24
6.62064e-24
6.62387e-24
6.63033e-24
6.64325e-24
6.6691e-24
6.7208e-24
6.8242e-24
7.03099e-24
7.44459e-24
8.27177e-24
9.92613e-24
2.64697e-23
2.64697e-23
2.64697e-23
2.64697e-23
2.64697e-23
2.64697e-23
1.32349e-23
1.3235e-23
1.32352e-23
1.32356e-23
1.32364e-23
1.3238e-23
1.32413e-23
1.32477e-23
1.32607e-23
1.32865e-23
1.33382e-23
1.34416e-23
1.36484e-23
1.4062e-23
1.48892e-23
1.65435e-23
1.98523e-23
5.29394e-23
5.29394e-23
5.29394e-23
5.29394e-23
5.29394e-23
5.29395e-23
2.64698e-23
2.647e-23
2.64704e-23
2.64712e-23
2.64728e-23
2.64761e-23
2.64825e-23
2.64955e-23
2.65213e-23
2.6573e-23
2.66764e-23
2.68832e-23
2.72968e-23
2.8124e-23
2.97783e-23
3.30871e-23
3.97045e-23
1.05879e-22
1.05879e-22
1.05879e-22
1.05879e-22
1.05879e-22
1.05879e-22
5.29396e-23
5.294e-23
5.29408e-23
5.29424e-23
5.29457e-23
5.29521e-23
5.29651e-23
5.29909e-23
5.30426e-23
5.3146e-23
5.33528e-23
5.37664e-23
5.45936e-23
5.62479e-23
5.95567e-23
6.61741e-23
7.9409e-23
2.11758e-22
2.11758e-22
2.11758e-22
2.11758e-22
2.11758e-22
2.11758e-22
1.05879e-22
1.0588e-22
1.05882e-22
1.05885e-22
1.05891e-22
1.05904e-22
1.0593e-22
1.05982e-22
1.06085e-22
1.06292e-22
1.06706e-22
1.07533e-22
1.09187e-22
1.12496e-22
1.19113e-22
1.32348e-22
1.58818e-22
4.23515e-22
4.23515e-22
4.23515e-22
4.23515e-22
4.23515e-22
4.23516e-22
2.11758e-22
2.1176e-22
2.11763e-22
2.1177e-22
2.11783e-22
2.11809e-22
2.1186e-22
2.11964e-22
2.1217e-22
2.12584e-22
2.13411e-22
2.15066e-22
2.18374e-22
2.24992e-22
2.38227e-22
2.64696e-22
3.17636e-22
8.4703e-22
8.4703e-22
8.4703e-22
8.4703e-22
8.47031e-22
8.47032e-22
4.23517e-22
4.2352e-22
4.23527e-22
4.23539e-22
4.23565e-22
4.23617e-22
4.2372e-22
4.23927e-22
4.24341e-22
4.25168e-22
4.26822e-22
4.30131e-22
4.36748e-22
4.49983e-22
4.76453e-22
5.29393e-22
6.35272e-22
1.69406e-21
1.69406e-21
1.69406e-21
1.69406e-21
1.69406e-21
1.69406e-21
8.47034e-22
8.4704e-22
8.47053e-22
8.47079e-22
8.4713e-22
8.47234e-22
8.47441e-22
8.47854e-22
8.48681e-22
8.50336e-22
8.53645e-22
8.60262e-22
8.73497e-22
8.99967e-22
9.52906e-22
1.05879e-21
1.27054e-21
3.38812e-21
3.38812e-21
3.38812e-21
3.38812e-21
3.38812e-21
3.38813e-21
1.69407e-21
1.69408e-21
1.69411e-21
1.69416e-21
1.69426e-21
1.69447e-21
1.69488e-21
1.69571e-21
1.69736e-21
1.70067e-21
1.70729e-21
1.72052e-21
1.74699e-21
1.79993e-21
1.90581e-21
2.11757e-21
2.54109e-21
6.77624e-21
6.77624e-21
6.77624e-21
6.77624e-21
6.77625e-21
6.77625e-21
3.38813e-21
3.38816e-21
3.38821e-21
3.38831e-21
3.38852e-21
3.38893e-21
3.38976e-21
3.39142e-21
3.39473e-21
3.40134e-21
3.41458e-21
3.44105e-21
3.49399e-21
3.59987e-21
3.81162e-21
4.23514e-21
5.08217e-21
1.35525e-20
1.35525e-20
1.35525e-20
1.35525e-20
1.35525e-20
1.35525e-20
6.77627e-21
6.77632e-21
6.77642e-21
6.77663e-21
6.77704e-21
6.77787e-21
6.77952e-21
6.78283e-21
6.78945e-21
6.80268e-21
6.82915e-21
6.88209e-21
6.98797e-21
7.19973e-21
7.62325e-21
8.47028e-21
1.01643e-20
2.7105e-20
2.7105e-20
2.7105e-20
2.7105e-20
2.7105e-20
2.7105e-20
1.35525e-20
1.35526e-20
1.35528e-20
1.35533e-20
1.35541e-20
1.35557e-20
1.3559e-20
1.35657e-20
1.35789e-20
1.36054e-20
1.36583e-20
1.37642e-20
1.39759e-20
1.43995e-20
1.52465e-20
1.69406e-20
2.03287e-20
5.42099e-20
5.42099e-20
5.42099e-20
5.42099e-20
5.421e-20
5.421e-20
2.71051e-20
2.71053e-20
2.71057e-20
2.71065e-20
2.71082e-20
2.71115e-20
2.71181e-20
2.71313e-20
2.71578e-20
2.72107e-20
2.73166e-20
2.75284e-20
2.79519e-20
2.87989e-20
3.0493e-20
3.38811e-20
4.06574e-20
1.0842e-19
1.0842e-19
1.0842e-19
1.0842e-19
1.0842e-19
1.0842e-19
5.42101e-20
5.42105e-20
5.42113e-20
5.4213e-20
5.42163e-20
5.42229e-20
5.42362e-20
5.42626e-20
5.43156e-20
5.44215e-20
5.46332e-20
5.50567e-20
5.59038e-20
5.75978e-20
6.0986e-20
6.77622e-20
8.13147e-20
2.1684e-19
2.1684e-19
2.1684e-19
2.1684e-19
2.1684e-19
2.1684e-19
2.1684e-19
1.08421e-19
1.08423e-19
1.08426e-19
1.08433e-19
1.08446e-19
1.08472e-19
1.08525e-19
1.08631e-19
1.08843e-19
1.09266e-19
1.10113e-19
1.11808e-19
1.15196e-19
1.21972e-19
1.35524e-19
1.62629e-19
4.33679e-19
4.33679e-19
4.33679e-19
4.33679e-19
4.3368e-19
4.3368e-19
4.33681e-19
2.16842e-19
2.16845e-19
2.16852e-19
2.16865e-19
2.16892e-19
2.16945e-19
2.1705e-19
2.17262e-19
2.17686e-19
2.18533e-19
2.20227e-19
2.23615e-19
2.30391e-19
2.43944e-19
2.71049e-19
3.25259e-19
8.67358e-19
8.67358e-19
8.67358e-19
8.67359e-19
8.67359e-19
8.6736e-19
8.67362e-19
4.33684e-19
4.33691e-19
4.33704e-19
4.3373e-19
4.33783e-19
4.33889e-19
4.34101e-19
4.34524e-19
4.35371e-19
4.37066e-19
4.40454e-19
4.4723e-19
4.60782e-19
4.87888e-19
5.42098e-19
6.50518e-19
1.73472e-18
1.73472e-18
1.73472e-18
1.73472e-18
1.73472e-18
1.73472e-18
1.73472e-18
8.67368e-19
8.67381e-19
8.67408e-19
8.67461e-19
8.67566e-19
8.67778e-19
8.68202e-19
8.69049e-19
8.70743e-19
8.74131e-19
8.80907e-19
8.9446e-19
9.21565e-19
9.75775e-19
1.0842e-18
1.30104e-18
3.46943e-18
3.46943e-18
3.46943e-18
3.46943e-18
3.46944e-18
3.46944e-18
3.46945e-18
1.73474e-18
1.73476e-18
1.73482e-18
1.73492e-18
1.73513e-18
1.73556e-18
1.7364e-18
1.7381e-18
1.74149e-18
1.74826e-18
1.76181e-18
1.78892e-18
1.84313e-18
1.95155e-18
2.16839e-18
2.60207e-18
6.93887e-18
6.93887e-18
6.93887e-18
6.93887e-18
6.93887e-18
6.93888e-18
6.93889e-18
3.46947e-18
3.46952e-18
3.46963e-18
3.46984e-18
3.47027e-18
3.47111e-18
3.47281e-18
3.47619e-18
3.48297e-18
3.49652e-18
3.52363e-18
3.57784e-18
3.68626e-18
3.9031e-18
4.33678e-18
5.20414e-18
1.38777e-17
1.38777e-17
1.38777e-17
1.38777e-17
1.38777e-17
1.38778e-17
1.38778e-17
6.93894e-18
6.93905e-18
6.93926e-18
6.93968e-18
6.94053e-18
6.94222e-18
6.94561e-18
6.95239e-18
6.96594e-18
6.99305e-18
7.04726e-18
7.15568e-18
7.37252e-18
7.8062e-18
8.67356e-18
1.04083e-17
2.77555e-17
2.77555e-17
2.77555e-17
2.77555e-17
2.77555e-17
2.77555e-17
2.77556e-17
1.38779e-17
1.38781e-17
1.38785e-17
1.38794e-17
1.38811e-17
1.38844e-17
1.38912e-17
1.39048e-17
1.39319e-17
1.39861e-17
1.40945e-17
1.43113e-17
1.4745e-17
1.56124e-17
1.73471e-17
2.08166e-17
5.55109e-17
5.55109e-17
5.55109e-17
5.55109e-17
5.5511e-17
5.5511e-17
5.55111e-17
2.77558e-17
2.77562e-17
2.7757e-17
2.77587e-17
2.77621e-17
2.77689e-17
2.77824e-17
2.78095e-17
2.78638e-17
2.79722e-17
2.8189e-17
2.86227e-17
2.94901e-17
3.12248e-17
3.46942e-17
4.16331e-17
1.11022e-16
1.11022e-16
1.11022e-16
1.11022e-16
1.11022e-16
1.11022e-16
1.11022e-16
5.55115e-17
5.55124e-17
5.5514e-17
5.55174e-17
5.55242e-17
5.55378e-17
5.55649e-17
5.56191e-17
5.57275e-17
5.59443e-17
5.6378e-17
5.72454e-17
5.89801e-17
6.24496e-17
6.93884e-17
8.32662e-17
2.22044e-16
2.22044e-16
2.22044e-16
2.22044e-16
2.22044e-16
2.22044e-16
2.22044e-16
1.11023e-16
1.11025e-16
1.11028e-16
1.11035e-16
1.11048e-16
1.11076e-16
1.1113e-16
1.11238e-16
1.11455e-16
1.11889e-16
1.12756e-16
1.14491e-16
1.1796e-16
1.24899e-16
1.38777e-16
1.66532e-16
4.44087e-16
4.44087e-16
4.44087e-16
4.44087e-16
4.44088e-16
4.44088e-16
4.44089e-16
2.22046e-16
2.22049e-16
2.22056e-16
2.2207e-16
2.22097e-16
2.22151e-16
2.22259e-16
2.22476e-16
2.2291e-16
2.23777e-16
2.25512e-16
2.28981e-16
2.3592e-16
2.49798e-16
2.77554e-16
3.33065e-16
8.88174e-16
8.88174e-16
8.88175e-16
8.88175e-16
8.88175e-16
8.88176e-16
8.88178e-16
4.44092e-16
4.44099e-16
4.44112e-16
4.44139e-16
4.44194e-16
4.44302e-16
4.44519e-16
4.44952e-16
4.4582e-16
4.47555e-16
4.51024e-16
4.57963e-16
4.71841e-16
4.99596e-16
5.55107e-16
6.6613e-16
1.77635e-15
1.77635e-15
1.77635e-15
1.77635e-15
1.77635e-15
1.77635e-15
1.77636e-15
8.88184e-16
8.88197e-16
8.88224e-16
8.88279e-16
8.88387e-16
8.88604e-16
8.89038e-16
8.89905e-16
8.9164e-16
8.95109e-16
9.02048e-16
9.15926e-16
9.43681e-16
9.99192e-16
1.11021e-15
1.33226e-15
3.5527e-15
3.5527e-15
3.5527e-15
3.5527e-15
3.5527e-15
3.5527e-15
3.55271e-15
1.77637e-15
1.77639e-15
1.77645e-15
1.77656e-15
1.77677e-15
1.77721e-15
1.77807e-15
1.77981e-15
1.78328e-15
1.79022e-15
1.8041e-15
1.83185e-15
1.88736e-15
1.99838e-15
2.22043e-15
2.66452e-15
7.10539e-15
7.10539e-15
7.1054e-15
7.1054e-15
7.1054e-15
7.10541e-15
7.10542e-15
3.55273e-15
3.55279e-15
3.5529e-15
3.55311e-15
3.55355e-15
3.55441e-15
3.55615e-15
3.55962e-15
3.56656e-15
3.58044e-15
3.60819e-15
3.6637e-15
3.77472e-15
3.99677e-15
4.44086e-15
5.32904e-15
1.42108e-14
1.42108e-14
1.42108e-14
1.42108e-14
1.42108e-14
1.42108e-14
1.42108e-14
7.10547e-15
7.10558e-15
7.10579e-15
7.10623e-15
7.10709e-15
7.10883e-15
7.1123e-15
7.11924e-15
7.13311e-15
7.16087e-15
7.21638e-15
7.3274e-15
7.54945e-15
7.99354e-15
8.88172e-15
1.06581e-14
2.84216e-14
2.84216e-14
2.84216e-14
2.84216e-14
2.84216e-14
2.84216e-14
2.84217e-14
1.42109e-14
1.42111e-14
1.42116e-14
1.42125e-14
1.42142e-14
1.42177e-14
1.42246e-14
1.42385e-14
1.42662e-14
1.43217e-14
1.44328e-14
1.46548e-14
1.50989e-14
1.59871e-14
1.77634e-14
2.13161e-14
5.68431e-14
5.68431e-14
5.68432e-14
5.68432e-14
5.68432e-14
5.68432e-14
5.68434e-14
2.84219e-14
2.84223e-14
2.84232e-14
2.84249e-14
2.84284e-14
2.84353e-14
2.84492e-14
2.84769e-14
2.85325e-14
2.86435e-14
2.88655e-14
2.93096e-14
3.01978e-14
3.19741e-14
3.55269e-14
4.26323e-14
1.13686e-13
1.13686e-13
1.13686e-13
1.13686e-13
1.13686e-13
1.13686e-13
1.13687e-13
5.68437e-14
5.68446e-14
5.68463e-14
5.68498e-14
5.68567e-14
5.68706e-14
5.68984e-14
5.69539e-14
5.70649e-14
5.72869e-14
5.7731e-14
5.86192e-14
6.03956e-14
6.39483e-14
7.10537e-14
8.52646e-14
2.27373e-13
2.27373e-13
2.27373e-13
2.27373e-13
2.27373e-13
2.27373e-13
2.27373e-13
1.13687e-13
1.13689e-13
1.13693e-13
1.137e-13
1.13713e-13
1.13741e-13
1.13797e-13
1.13908e-13
1.1413e-13
1.14574e-13
1.15462e-13
1.17238e-13
1.20791e-13
1.27897e-13
1.42107e-13
1.70529e-13
4.54745e-13
4.54745e-13
4.54745e-13
4.54745e-13
4.54745e-13
4.54746e-13
4.54747e-13
2.27375e-13
2.27378e-13
2.27385e-13
2.27399e-13
2.27427e-13
2.27482e-13
2.27593e-13
2.27815e-13
2.2826e-13
2.29148e-13
2.30924e-13
2.34477e-13
2.41582e-13
2.55793e-13
2.84215e-13
3.41058e-13
9.0949e-13
9.0949e-13
9.0949e-13
9.0949e-13
9.09491e-13
9.09492e-13
9.09493e-13
4.5475e-13
4.54757e-13
4.5477e-13
4.54798e-13
4.54854e-13
4.54965e-13
4.55187e-13
4.55631e-13
4.56519e-13
4.58295e-13
4.61848e-13
4.68953e-13
4.83164e-13
5.11586e-13
5.68429e-13
6.82116e-13
1.81898e-12
1.81898e-12
1.81898e-12
1.81898e-12
1.81898e-12
1.81898e-12
1.81899e-12
9.09499e-13
9.09513e-13
9.09541e-13
9.09596e-13
9.09707e-13
9.09929e-13
9.10373e-13
9.11262e-13
9.13038e-13
9.16591e-13
9.23696e-13
9.37907e-13
9.66329e-13
1.02317e-12
1.13686e-12
1.36423e-12
3.63796e-12
3.63796e-12
3.63796e-12
3.63796e-12
3.63796e-12
3.63797e-12
3.63797e-12
1.819e-12
1.81903e-12
1.81908e-12
1.81919e-12
1.81941e-12
1.81986e-12
1.82075e-12
1.82252e-12
1.82608e-12
1.83318e-12
1.84739e-12
1.87581e-12
1.93266e-12
2.04634e-12
2.27372e-12
2.72846e-12
7.27592e-12
7.27592e-12
7.27592e-12
7.27592e-12
7.27593e-12
7.27593e-12
7.27595e-12
3.638e-12
3.63805e-12
3.63816e-12
3.63838e-12
3.63883e-12
3.63972e-12
3.64149e-12
3.64505e-12
3.65215e-12
3.66636e-12
3.69478e-12
3.75163e-12
3.86531e-12
4.09269e-12
4.54743e-12
5.45693e-12
1.45518e-11
1.45518e-11
1.45518e-11
1.45518e-11
1.45519e-11
1.45519e-11
1.45519e-11
7.27599e-12
7.2761e-12
7.27632e-12
7.27677e-12
7.27766e-12
7.27943e-12
7.28298e-12
7.29009e-12
7.3043e-12
7.33272e-12
7.38957e-12
7.50325e-12
7.73063e-12
8.18537e-12
9.09487e-12
1.09139e-11
2.91037e-11
2.91037e-11
2.91037e-11
2.91037e-11
2.91037e-11
2.91037e-11
2.91038e-11
1.4552e-11
1.45522e-11
1.45526e-11
1.45535e-11
1.45553e-11
1.45589e-11
1.4566e-11
1.45802e-11
1.46086e-11
1.46654e-11
1.47791e-11
1.50065e-11
1.54613e-11
1.63707e-11
1.81897e-11
2.18277e-11
5.82073e-11
5.82073e-11
5.82074e-11
5.82074e-11
5.82074e-11
5.82074e-11
5.82076e-11
2.9104e-11
2.91044e-11
2.91053e-11
2.91071e-11
2.91106e-11
2.91177e-11
2.91319e-11
2.91604e-11
2.92172e-11
2.93309e-11
2.95583e-11
3.0013e-11
3.09225e-11
3.27415e-11
3.63795e-11
4.36554e-11
1.16415e-10
1.16415e-10
1.16415e-10
1.16415e-10
1.16415e-10
1.16415e-10
1.16415e-10
5.82079e-11
5.82088e-11
5.82106e-11
5.82141e-11
5.82212e-11
5.82354e-11
5.82639e-11
5.83207e-11
5.84344e-11
5.86618e-11
5.91165e-11
6.0026e-11
6.1845e-11
6.5483e-11
7.27589e-11
8.73108e-11
2.32829e-10
2.32829e-10
2.32829e-10
2.32829e-10
2.3283e-10
2.3283e-10
2.3283e-10
1.16416e-10
1.16418e-10
1.16421e-10
1.16428e-10
1.16442e-10
1.16471e-10
1.16528e-10
1.16641e-10
1.16869e-10
1.17323e-10
1.18233e-10
1.20052e-10
1.2369e-10
1.30966e-10
1.45518e-10
1.74622e-10
4.65659e-10
4.65659e-10
4.65659e-10
4.65659e-10
4.65659e-10
4.6566e-10
4.6566e-10
2.32832e-10
2.32835e-10
2.32842e-10
2.32856e-10
2.32885e-10
2.32942e-10
2.33055e-10
2.33283e-10
2.33737e-10
2.34647e-10
2.36466e-10
2.40104e-10
2.4738e-10
2.61932e-10
2.91036e-10
3.49243e-10
9.31317e-10
9.31317e-10
9.31317e-10
9.31318e-10
9.31318e-10
9.31319e-10
9.31321e-10
4.65663e-10
4.6567e-10
4.65684e-10
4.65713e-10
4.6577e-10
4.65883e-10
4.66111e-10
4.66565e-10
4.67475e-10
4.69294e-10
4.72932e-10
4.80208e-10
4.9476e-10
5.23864e-10
5.82071e-10
6.98487e-10
1.86263e-09
1.86263e-09
1.86263e-09
1.86264e-09
1.86264e-09
1.86264e-09
1.86264e-09
9.31326e-10
9.3134e-10
9.31369e-10
9.31425e-10
9.31539e-10
9.31766e-10
9.32221e-10
9.33131e-10
9.3495e-10
9.38588e-10
9.45864e-10
9.60416e-10
9.89519e-10
1.04773e-09
1.16414e-09
1.39697e-09
3.72527e-09
3.72527e-09
3.72527e-09
3.72527e-09
3.72527e-09
3.72528e-09
3.72528e-09
1.86265e-09
1.86268e-09
1.86274e-09
1.86285e-09
1.86308e-09
1.86353e-09
1.86444e-09
1.86626e-09
1.8699e-09
1.87718e-09
1.89173e-09
1.92083e-09
1.97904e-09
2.09545e-09
2.32828e-09
2.79395e-09
7.45054e-09
7.45054e-09
7.45054e-09
7.45054e-09
7.45054e-09
7.45055e-09
7.45056e-09
3.7253e-09
3.72536e-09
3.72547e-09
3.7257e-09
3.72616e-09
3.72706e-09
3.72888e-09
3.73252e-09
3.7398e-09
3.75435e-09
3.78345e-09
3.84166e-09
3.95808e-09
4.19091e-09
4.65657e-09
5.58789e-09
1.49011e-08
1.49011e-08
1.49011e-08
1.49011e-08
1.49011e-08
1.49011e-08
1.49011e-08
7.4506e-09
7.45072e-09
7.45095e-09
7.4514e-09
7.45231e-09
7.45413e-09
7.45777e-09
7.46504e-09
7.47959e-09
7.5087e-09
7.56691e-09
7.68332e-09
7.91615e-09
8.38181e-09
9.31314e-09
1.11758e-08
2.98021e-08
2.98021e-08
2.98021e-08
2.98022e-08
2.98022e-08
2.98022e-08
2.98023e-08
1.49012e-08
1.49014e-08
1.49019e-08
1.49028e-08
1.49046e-08
1.49083e-08
1.49155e-08
1.49301e-08
1.49592e-08
1.50174e-08
1.51338e-08
1.53666e-08
1.58323e-08
1.67636e-08
1.86263e-08
2.23516e-08
5.96043e-08
5.96043e-08
5.96043e-08
5.96043e-08
5.96043e-08
5.96044e-08
5.96045e-08
2.98024e-08
2.98029e-08
2.98038e-08
2.98056e-08
2.98092e-08
2.98165e-08
2.98311e-08
2.98602e-08
2.99184e-08
3.00348e-08
3.02676e-08
3.07333e-08
3.16646e-08
3.35272e-08
3.72525e-08
4.47031e-08
1.19209e-07
1.19209e-07
1.19209e-07
1.19209e-07
1.19209e-07
1.19209e-07
1.19209e-07
5.96048e-08
5.96057e-08
5.96075e-08
5.96112e-08
5.96185e-08
5.9633e-08
5.96621e-08
5.97203e-08
5.98367e-08
6.00696e-08
6.05352e-08
6.14666e-08
6.33292e-08
6.70545e-08
7.45051e-08
8.94062e-08
2.38417e-07
2.38417e-07
2.38417e-07
2.38417e-07
2.38417e-07
2.38418e-07
2.38418e-07
1.1921e-07
1.19211e-07
1.19215e-07
1.19222e-07
1.19237e-07
1.19266e-07
1.19324e-07
1.19441e-07
1.19673e-07
1.20139e-07
1.2107e-07
1.22933e-07
1.26658e-07
1.34109e-07
1.4901e-07
1.78812e-07
4.76834e-07
4.76834e-07
4.76834e-07
4.76834e-07
4.76835e-07
4.76835e-07
4.76836e-07
2.38419e-07
2.38423e-07
2.3843e-07
2.38445e-07
2.38474e-07
2.38532e-07
2.38648e-07
2.38881e-07
2.39347e-07
2.40278e-07
2.42141e-07
2.45866e-07
2.53317e-07
2.68218e-07
2.9802e-07
3.57625e-07
9.53668e-07
9.53668e-07
9.53668e-07
9.53669e-07
9.53669e-07
9.5367e-07
9.53672e-07
4.76838e-07
4.76846e-07
4.7686e-07
4.76889e-07
4.76947e-07
4.77064e-07
4.77297e-07
4.77762e-07
4.78694e-07
4.80556e-07
4.84282e-07
4.91732e-07
5.06633e-07
5.36436e-07
5.9604e-07
7.1525e-07
1.90734e-06
1.90734e-06
1.90734e-06
1.90734e-06
1.90734e-06
1.90734e-06
1.90734e-06
9.53677e-07
9.53691e-07
9.5372e-07
9.53778e-07
9.53895e-07
9.54128e-07
9.54593e-07
9.55525e-07
9.57387e-07
9.61113e-07
9.68563e-07
9.83464e-07
1.01327e-06
1.07287e-06
1.19208e-06
1.4305e-06
3.81467e-06
3.81467e-06
3.81467e-06
3.81467e-06
3.81468e-06
3.81468e-06
3.81469e-06
1.90735e-06
1.90738e-06
1.90744e-06
1.90756e-06
1.90779e-06
1.90826e-06
1.90919e-06
1.91105e-06
1.91477e-06
1.92223e-06
1.93713e-06
1.96693e-06
2.02653e-06
2.14574e-06
2.38416e-06
2.861e-06
7.62934e-06
7.62935e-06
7.62935e-06
7.62935e-06
7.62935e-06
7.62936e-06
7.62937e-06
3.81471e-06
3.81476e-06
3.81488e-06
3.81511e-06
3.81558e-06
3.81651e-06
3.81837e-06
3.8221e-06
3.82955e-06
3.84445e-06
3.87425e-06
3.93386e-06
4.05307e-06
4.29148e-06
4.76832e-06
5.722e-06
1.52587e-05
1.52587e-05
1.52587e-05
1.52587e-05
1.52587e-05
1.52587e-05
1.52587e-05
7.62941e-06
7.62953e-06
7.62976e-06
7.63022e-06
7.63116e-06
7.63302e-06
7.63674e-06
7.64419e-06
7.6591e-06
7.6889e-06
7.7485e-06
7.86771e-06
8.10613e-06
8.58297e-06
9.53664e-06
1.1444e-05
3.05174e-05
3.05174e-05
3.05174e-05
3.05174e-05
3.05174e-05
3.05174e-05
3.05175e-05
1.52588e-05
1.52591e-05
1.52595e-05
1.52604e-05
1.52623e-05
1.5266e-05
1.52735e-05
1.52884e-05
1.53182e-05
1.53778e-05
1.5497e-05
1.57354e-05
1.62123e-05
1.71659e-05
1.90733e-05
2.2888e-05
6.10347e-05
6.10348e-05
6.10348e-05
6.10348e-05
6.10348e-05
6.10349e-05
6.1035e-05
3.05176e-05
3.05181e-05
3.0519e-05
3.05209e-05
3.05246e-05
3.05321e-05
3.0547e-05
3.05768e-05
3.06364e-05
3.07556e-05
3.0994e-05
3.14708e-05
3.24245e-05
3.43319e-05
3.81466e-05
4.5776e-05
0.000122069
0.000122069
0.00012207
0.00012207
0.00012207
0.00012207
0.00012207
6.10353e-05
6.10362e-05
6.10381e-05
6.10418e-05
6.10492e-05
6.10641e-05
6.10939e-05
6.11535e-05
6.12727e-05
6.15112e-05
6.1988e-05
6.29417e-05
6.4849e-05
6.86637e-05
7.62931e-05
9.15519e-05
0.000244139
0.000244139
0.000244139
0.000244139
0.000244139
0.000244139
0.00024414
0.000122071
0.000122072
0.000122076
0.000122084
0.000122098
0.000122128
0.000122188
0.000122307
0.000122545
0.000123022
0.000123976
0.000125883
0.000129698
0.000137327
0.000152586
0.000183104
0.000488278
0.000488278
0.000488278
0.000488278
0.000488278
0.000488279
0.00048828
0.000244141
0.000244145
0.000244152
0.000244167
0.000244197
0.000244256
0.000244376
0.000244614
0.000245091
0.000246045
0.000247952
0.000251767
0.000259396
0.000274655
0.000305172
0.000366208
0.000976556
0.000976556
0.000976556
0.000976556
0.000976557
0.000976558
0.000976559
0.000488282
0.000488289
0.000488304
0.000488334
0.000488394
0.000488513
0.000488751
0.000489228
0.000490182
0.000492089
0.000495904
0.000503533
0.000518792
0.00054931
0.000610345
0.000732415
0.00195311
0.00195311
0.00195311
0.00195311
0.00195311
0.00195311
0.00195312
0.000976564
0.000976579
0.000976608
0.000976668
0.000976787
0.000977026
0.000977502
0.000978456
0.000980363
0.000984178
0.000991808
0.00100707
0.00103758
0.00109862
0.00122069
0.00146483
0.00390622
0.00390622
0.00390622
0.00390622
0.00390623
0.00390623
0.00390624
0.00195313
0.00195316
0.00195322
0.00195334
0.00195357
0.00195405
0.001955
0.00195691
0.00196073
0.00196836
0.00198361
0.00201413
0.00207517
0.00219724
0.00244138
0.00292966
0.00781244
0.00781245
0.00781245
0.00781245
0.00781245
0.00781246
0.00781247
0.00390625
0.00390631
0.00390643
0.00390667
0.00390715
0.0039081
0.00391001
0.00391382
0.00392145
0.00393671
0.00396723
0.00402826
0.00415033
0.00439448
0.00488276
0.00585932
0.0156249
0.0156249
0.0156249
0.0156249
0.0156249
0.0156249
0.0156249
0.00781251
0.00781263
0.00781286
0.00781334
0.00781429
0.0078162
0.00782002
0.00782765
0.0078429
0.00787342
0.00793446
0.00805653
0.00830067
0.00878895
0.00976551
0.0117186
0.0312498
0.0312498
0.0312498
0.0312498
0.0312498
0.0312498
0.0312499
0.015625
0.0156252
0.0156257
0.0156267
0.0156286
0.0156324
0.01564
0.0156553
0.0156858
0.0157468
0.0158689
0.0161131
0.0166013
0.0175779
0.019531
0.0234373
0.0624995
0.0624995
0.0624996
0.0624996
0.0624996
0.0624997
0.0624998
0.03125
0.0312505
0.0312514
0.0312534
0.0312572
0.0312648
0.0312801
0.0313106
0.0313716
0.0314937
0.0317378
0.0322261
0.0332027
0.0351558
0.039062
0.0468745
0.124999
0.124999
0.124999
0.124999
0.124999
0.124999
0.125
0.0625
0.062501
0.0625029
0.0625067
0.0625143
0.0625296
0.0625601
0.0626211
0.0627432
0.0629874
0.0634756
0.0644522
0.0664053
0.0703116
0.0781241
0.0937491
0.249998
0.249998
0.249998
0.249998
0.249998
0.249999
0.249999
0.125
0.125002
0.125006
0.125013
0.125029
0.125059
0.12512
0.125242
0.125486
0.125975
0.126951
0.128904
0.132811
0.140623
0.156248
0.187498
0.499996
0.499996
0.499996
0.499996
0.499997
0.499997
0.499998
0.25
0.250004
0.250012
0.250027
0.250057
0.250118
0.25024
0.250485
0.250973
0.251949
0.253902
0.257809
0.265621
0.281246
0.312496
0.374996
0.999992
0.999993
0.999993
0.999993
0.999993
0.999994
0.999996
0.5
0.500008
0.500023
0.500053
0.500115
0.500237
0.500481
0.500969
0.501946
0.503899
0.507805
0.515617
0.531242
0.562492
0.624992
0.749992
1.99998
1.99998
1.99999
1.99999
1.99999
1.99999
1.99999
1
1.00002
1.00005
1.00011
1.00023
1.00047
1.00096
1.00194
1.00389
1.0078
1.01561
1.03123
1.06248
1.12498
1.24998
1.49998
3.99997
3.99997
3.99997
3.99997
3.99997
3.99998
3.99998
4
2.00003
2.00009
2.00021
2.00046
2.00095
2.00192
2.00388
2.00778
2.01559
2.03122
2.06247
2.12497
2.24997
2.49997
2.99997
7.99994
7.99994
7.99994
7.99994
7.99995
7.99995
7.99997
8
4.00006
4.00018
4.00043
4.00091
4.00189
4.00384
4.00775
4.01556
4.03119
4.06244
4.12494
4.24994
4.49994
4.99994
5.99994
15.9999
15.9999
15.9999
15.9999
15.9999
15.9999
15.9999
16
8.00012
8.00036
8.00085
8.00183
8.00378
8.00769
8.0155
8.03113
8.06238
8.12488
8.24988
8.49988
8.99988
9.99988
11.9999
31.9998
31.9998
31.9998
31.9998
31.9998
31.9998
31.9999
32
16.0002
16.0007
16.0017
16.0037
16.0076
16.0154
16.031
16.0622
16.1247
16.2497
16.4997
16.9997
17.9997
19.9997
23.9997
63.9995
63.9995
63.9995
63.9995
63.9996
63.9996
63.9997
64
32.0005
32.0014
32.0034
32.0073
32.0151
32.0307
32.062
32.1245
32.2495
32.4995
32.9995
33.9995
35.9995
39.9995
47.9995
127.999
127.999
127.999
127.999
127.999
127.999
127.999
128
64.0009
64.0029
64.0068
64.0146
64.0302
64.0615
64.124
64.249
64.499
64.999
65.999
67.999
71.999
79.999
95.999
255.998
255.998
255.998
255.998
255.998
255.998
255.999
256
128.002
128.006
128.014
128.029
128.06
128.123
128.248
128.498
128.998
129.998
131.998
135.998
143.998
159.998
191.998
511.996
511.996
511.996
511.996
511.996
511.997
511.998
512
256.004
256.011
256.027
256.058
256.121
256.246
256.496
256.996
257.996
259.996
263.996
271.996
287.996
319.996
383.996
1023.99
1023.99
1023.99
1023.99
1023.99
1023.99
1024
1024
512.007
512.023
512.054
512.117
512.242
512.492
512.992
513.992
515.992
519.992
527.992
543.992
575.992
639.992
767.992
2047.98
2047.98
2047.98
2047.98
2047.99
2047.99
2047.99
2048
1024.01
1024.05
1024.11
1024.23
1024.48
1024.98
1025.98
1027.98
1031.98
1039.98
1055.98
1087.98
1151.98
1279.98
1535.98
4095.97
4095.97
4095.97
4095.97
4095.97
4095.97
4095.98
4096
2048.03
2048.09
2048.22
2048.47
2048.97
2049.97
2051.97
2055.97
2063.97
2079.97
2111.97
2175.97
2303.97
2559.97
3071.97
8191.93
8191.93
8191.93
8191.94
8191.94
8191.95
8191.96
8191.99
4096.06
4096.18
4096.43
4096.93
4097.93
4099.93
4103.93
4111.93
4127.93
4159.93
4223.93
4351.93
4607.93
5119.93
6143.93
16383.9
16383.9
16383.9
16383.9
16383.9
16383.9
16383.9
16384
8192.11
8192.36
8192.86
8193.86
8195.86
8199.86
8207.86
8223.86
8255.86
8319.86
8447.86
8703.86
9215.86
10239.9
12287.9
32767.7
32767.7
32767.7
32767.7
32767.8
32767.8
32767.8
32768
16384.2
16384.7
16385.7
16387.7
16391.7
16399.7
16415.7
16447.7
16511.7
16639.7
16895.7
17407.7
18431.7
20479.7
24575.7
65535.4
65535.4
65535.5
65535.5
65535.5
65535.6
65535.7
65535.9
32768.4
32769.4
32771.4
32775.4
32783.4
32799.4
32831.4
32895.4
33023.4
33279.4
33791.4
34815.4
36863.4
40959.4
49151.4
131071
131071
131071
131071
131071
131071
131071
131072
65536.9
65538.9
65542.9
65550.9
65566.9
65598.9
65662.9
65790.9
66046.9
66558.9
67582.9
69630.9
73726.9
81918.9
98302.9
262142
262142
262142
262142
262142
262142
262143
262144
131074
131078
131086
131102
131134
131198
131326
131582
132094
133118
135166
139262
147454
163838
196606
524283
524284
524284
524284
524284
524284
524285
524287
262147
262155
262171
262203
262267
262395
262651
263163
264187
266235
270331
278523
294907
327675
393211
1.04857e+06
1.04857e+06
1.04857e+06
1.04857e+06
1.04857e+06
1.04857e+06
1.04857e+06
1.04857e+06
524295
524311
524343
524407
524535
524791
525303
526327
528375
532471
540663
557047
589815
655351
786423
2.09713e+06
2.09713e+06
2.09713e+06
2.09713e+06
2.09714e+06
2.09714e+06
2.09714e+06
2.09715e+06
1.04859e+06
1.04862e+06
1.04869e+06
1.04881e+06
1.04907e+06
1.04958e+06
1.05061e+06
1.05265e+06
1.05675e+06
1.06494e+06
1.08133e+06
1.11409e+06
1.17963e+06
1.3107e+06
1.57285e+06
4.19427e+06
4.19427e+06
4.19427e+06
4.19427e+06
4.19427e+06
4.19427e+06
4.19428e+06
4.1943e+06
2.09718e+06
2.09724e+06
2.09737e+06
2.09763e+06
2.09814e+06
2.09916e+06
2.10121e+06
2.10531e+06
2.1135e+06
2.12988e+06
2.16265e+06
2.22819e+06
2.35926e+06
2.6214e+06
3.14569e+06
8.38853e+06
8.38853e+06
8.38854e+06
8.38854e+06
8.38854e+06
8.38855e+06
8.38856e+06
8.3886e+06
4.19436e+06
4.19448e+06
4.19474e+06
4.19525e+06
4.19628e+06
4.19832e+06
4.20242e+06
4.21061e+06
4.227e+06
4.25976e+06
4.3253e+06
4.45637e+06
4.71852e+06
5.2428e+06
6.29138e+06
1.67771e+07
1.67771e+07
1.67771e+07
1.67771e+07
1.67771e+07
1.67771e+07
1.67771e+07
1.67772e+07
8.38871e+06
8.38897e+06
8.38948e+06
8.3905e+06
8.39255e+06
8.39665e+06
8.40484e+06
8.42122e+06
8.45399e+06
8.51953e+06
8.6506e+06
8.91274e+06
9.43703e+06
1.04856e+07
1.25828e+07
3.35541e+07
3.35541e+07
3.35541e+07
3.35541e+07
3.35542e+07
3.35542e+07
3.35543e+07
3.35544e+07
1.67774e+07
1.67779e+07
1.6779e+07
1.6781e+07
1.67851e+07
1.67933e+07
1.68097e+07
1.68424e+07
1.6908e+07
1.70391e+07
1.73012e+07
1.78255e+07
1.88741e+07
2.09712e+07
2.51655e+07
6.71083e+07
6.71083e+07
6.71083e+07
6.71083e+07
6.71083e+07
6.71084e+07
6.71085e+07
6.71088e+07
3.35548e+07
3.35559e+07
3.35579e+07
3.3562e+07
3.35702e+07
3.35866e+07
3.36194e+07
3.36849e+07
3.3816e+07
3.40781e+07
3.46024e+07
3.5651e+07
3.77481e+07
4.19424e+07
5.0331e+07
1.34217e+08
1.34217e+08
1.34217e+08
1.34217e+08
1.34217e+08
1.34217e+08
1.34217e+08
1.34218e+08
6.71097e+07
6.71117e+07
6.71158e+07
6.7124e+07
6.71404e+07
6.71732e+07
6.72387e+07
6.73698e+07
6.76319e+07
6.81562e+07
6.92048e+07
7.13019e+07
7.54962e+07
8.38848e+07
1.00662e+08
2.68433e+08
2.68433e+08
2.68433e+08
2.68433e+08
2.68433e+08
2.68433e+08
2.68434e+08
2.68435e+08
1.34219e+08
1.34223e+08
1.34232e+08
1.34248e+08
1.34281e+08
1.34346e+08
1.34477e+08
1.3474e+08
1.35264e+08
1.36312e+08
1.3841e+08
1.42604e+08
1.50992e+08
1.6777e+08
2.01324e+08
5.36866e+08
5.36866e+08
5.36866e+08
5.36866e+08
5.36866e+08
5.36867e+08
5.36868e+08
5.3687e+08
2.68439e+08
2.68447e+08
2.68463e+08
2.68496e+08
2.68562e+08
2.68693e+08
2.68955e+08
2.69479e+08
2.70528e+08
2.72625e+08
2.76819e+08
2.85208e+08
3.01985e+08
3.35539e+08
4.02648e+08
1.07373e+09
1.07373e+09
1.07373e+09
1.07373e+09
1.07373e+09
1.07373e+09
1.07374e+09
1.07374e+09
5.36877e+08
5.36894e+08
5.36926e+08
5.36992e+08
5.37123e+08
5.37385e+08
5.37909e+08
5.38958e+08
5.41055e+08
5.45249e+08
5.53638e+08
5.70415e+08
6.0397e+08
6.71079e+08
8.05296e+08
2.14746e+09
2.14746e+09
2.14746e+09
2.14746e+09
2.14747e+09
2.14747e+09
2.14747e+09
2.14748e+09
1.07375e+09
1.07379e+09
1.07385e+09
1.07398e+09
1.07425e+09
1.07477e+09
1.07582e+09
1.07792e+09
1.08211e+09
1.0905e+09
1.10728e+09
1.14083e+09
1.20794e+09
1.34216e+09
1.61059e+09
4.29493e+09
4.29493e+09
4.29493e+09
4.29493e+09
4.29493e+09
4.29493e+09
4.29494e+09
4.29496e+09
2.14751e+09
2.14757e+09
2.14771e+09
2.14797e+09
2.14849e+09
2.14954e+09
2.15164e+09
2.15583e+09
2.16422e+09
2.181e+09
2.21455e+09
2.28166e+09
2.41588e+09
2.68431e+09
3.22118e+09
8.58985e+09
8.58985e+09
8.58985e+09
8.58986e+09
8.58986e+09
8.58987e+09
8.58989e+09
8.58992e+09
4.29502e+09
4.29515e+09
4.29541e+09
4.29593e+09
4.29698e+09
4.29908e+09
4.30327e+09
4.31166e+09
4.32844e+09
4.36199e+09
4.4291e+09
4.56332e+09
4.83176e+09
5.36863e+09
6.44237e+09
1.71797e+10
1.71797e+10
1.71797e+10
1.71797e+10
1.71797e+10
1.71797e+10
1.71798e+10
1.71798e+10
8.59003e+09
8.59029e+09
8.59082e+09
8.59187e+09
8.59396e+09
8.59816e+09
8.60655e+09
8.62332e+09
8.65688e+09
8.72399e+09
8.85821e+09
9.12664e+09
9.66351e+09
1.07373e+10
1.28847e+10
3.43594e+10
3.43594e+10
3.43594e+10
3.43594e+10
3.43594e+10
3.43595e+10
3.43595e+10
3.43597e+10
1.71801e+10
1.71806e+10
1.71816e+10
1.71837e+10
1.71879e+10
1.71963e+10
1.72131e+10
1.72466e+10
1.73138e+10
1.7448e+10
1.77164e+10
1.82533e+10
1.9327e+10
2.14745e+10
2.57695e+10
6.87188e+10
6.87188e+10
6.87188e+10
6.87188e+10
6.87189e+10
6.87189e+10
6.87191e+10
6.87193e+10
3.43601e+10
3.43612e+10
3.43633e+10
3.43675e+10
3.43758e+10
3.43926e+10
3.44262e+10
3.44933e+10
3.46275e+10
3.48959e+10
3.54328e+10
3.65066e+10
3.8654e+10
4.2949e+10
5.15389e+10
1.37438e+11
1.37438e+11
1.37438e+11
1.37438e+11
1.37438e+11
1.37438e+11
1.37438e+11
1.37439e+11
6.87202e+10
6.87223e+10
6.87265e+10
6.87349e+10
6.87517e+10
6.87852e+10
6.88524e+10
6.89866e+10
6.9255e+10
6.97919e+10
7.08656e+10
7.30131e+10
7.73081e+10
8.5898e+10
1.03078e+11
2.74875e+11
2.74875e+11
2.74875e+11
2.74875e+11
2.74875e+11
2.74876e+11
2.74876e+11
2.74877e+11
1.3744e+11
1.37445e+11
1.37453e+11
1.3747e+11
1.37503e+11
1.3757e+11
1.37705e+11
1.37973e+11
1.3851e+11
1.39584e+11
1.41731e+11
1.46026e+11
1.54616e+11
1.71796e+11
2.06156e+11
5.4975e+11
5.4975e+11
5.49751e+11
5.49751e+11
5.49751e+11
5.49751e+11
5.49752e+11
5.49755e+11
2.74881e+11
2.74889e+11
2.74906e+11
2.7494e+11
2.75007e+11
2.75141e+11
2.75409e+11
2.75946e+11
2.7702e+11
2.79167e+11
2.83462e+11
2.92052e+11
3.09232e+11
3.43592e+11
4.12311e+11
1.0995e+12
1.0995e+12
1.0995e+12
1.0995e+12
1.0995e+12
1.0995e+12
1.0995e+12
1.09951e+12
5.49762e+11
5.49778e+11
5.49812e+11
5.49879e+11
5.50013e+11
5.50282e+11
5.50819e+11
5.51892e+11
5.5404e+11
5.58335e+11
5.66925e+11
5.84105e+11
6.18464e+11
6.87184e+11
8.24623e+11
2.199e+12
2.199e+12
2.199e+12
2.199e+12
2.199e+12
2.19901e+12
2.19901e+12
2.19902e+12
1.09952e+12
1.09956e+12
1.09962e+12
1.09976e+12
1.10003e+12
1.10056e+12
1.10164e+12
1.10378e+12
1.10808e+12
1.11667e+12
1.13385e+12
1.16821e+12
1.23693e+12
1.37437e+12
1.64925e+12
4.398e+12
4.398e+12
4.398e+12
4.398e+12
4.39801e+12
4.39801e+12
4.39802e+12
4.39804e+12
2.19905e+12
2.19911e+12
2.19925e+12
2.19952e+12
2.20005e+12
2.20113e+12
2.20327e+12
2.20757e+12
2.21616e+12
2.23334e+12
2.2677e+12
2.33642e+12
2.47386e+12
2.74873e+12
3.29849e+12
8.796e+12
8.796e+12
8.79601e+12
8.79601e+12
8.79601e+12
8.79602e+12
8.79604e+12
8.79607e+12
4.39809e+12
4.39823e+12
4.39849e+12
4.39903e+12
4.4001e+12
4.40225e+12
4.40655e+12
4.41514e+12
4.43232e+12
4.46668e+12
4.5354e+12
4.67284e+12
4.94771e+12
5.49747e+12
6.59698e+12
1.7592e+13
1.7592e+13
1.7592e+13
1.7592e+13
1.7592e+13
1.7592e+13
1.75921e+13
1.75921e+13
8.79618e+12
8.79645e+12
8.79699e+12
8.79806e+12
8.80021e+12
8.8045e+12
8.81309e+12
8.83027e+12
8.86463e+12
8.93335e+12
9.07079e+12
9.34567e+12
9.89543e+12
1.09949e+13
1.3194e+13
3.5184e+13
3.5184e+13
3.5184e+13
3.5184e+13
3.5184e+13
3.51841e+13
3.51841e+13
3.51843e+13
1.75924e+13
1.75929e+13
1.7594e+13
1.75961e+13
1.76004e+13
1.7609e+13
1.76262e+13
1.76605e+13
1.77293e+13
1.78667e+13
1.81416e+13
1.86913e+13
1.97908e+13
2.19899e+13
2.63879e+13
7.0368e+13
7.0368e+13
7.0368e+13
7.03681e+13
7.03681e+13
7.03682e+13
7.03683e+13
7.03686e+13
3.51847e+13
3.51858e+13
3.51879e+13
3.51922e+13
3.52008e+13
3.5218e+13
3.52524e+13
3.53211e+13
3.54585e+13
3.57334e+13
3.62832e+13
3.73827e+13
3.95817e+13
4.39797e+13
5.27758e+13
1.40736e+14
1.40736e+14
1.40736e+14
1.40736e+14
1.40736e+14
1.40736e+14
1.40737e+14
1.40737e+14
7.03694e+13
7.03716e+13
7.03759e+13
7.03845e+13
7.04016e+13
7.0436e+13
7.05047e+13
7.06422e+13
7.0917e+13
7.14668e+13
7.25663e+13
7.47653e+13
7.91634e+13
8.79595e+13
1.05552e+14
2.81472e+14
2.81472e+14
2.81472e+14
2.81472e+14
2.81472e+14
2.81473e+14
2.81473e+14
2.81474e+14
1.40739e+14
1.40743e+14
1.40752e+14
1.40769e+14
1.40803e+14
1.40872e+14
1.41009e+14
1.41284e+14
1.41834e+14
1.42934e+14
1.45133e+14
1.49531e+14
1.58327e+14
1.75919e+14
2.11103e+14
5.62944e+14
5.62944e+14
5.62944e+14
5.62944e+14
5.62945e+14
5.62945e+14
5.62946e+14
5.62948e+14
2.81478e+14
2.81486e+14
2.81503e+14
2.81538e+14
2.81607e+14
2.81744e+14
2.82019e+14
2.82569e+14
2.83668e+14
2.85867e+14
2.90265e+14
2.99061e+14
3.16653e+14
3.51838e+14
4.22207e+14
1.12589e+15
1.12589e+15
1.12589e+15
1.12589e+15
1.12589e+15
1.12589e+15
1.12589e+15
1.1259e+15
5.62955e+14
5.62972e+14
5.63007e+14
5.63076e+14
5.63213e+14
5.63488e+14
5.64038e+14
5.65137e+14
5.67336e+14
5.71734e+14
5.8053e+14
5.98122e+14
6.33307e+14
7.03676e+14
8.44413e+14
2.25178e+15
2.25178e+15
2.25178e+15
2.25178e+15
2.25178e+15
2.25178e+15
2.25178e+15
2.25179e+15
1.12591e+15
1.12594e+15
1.12601e+15
1.12615e+15
1.12643e+15
1.12698e+15
1.12808e+15
1.13027e+15
1.13467e+15
1.14347e+15
1.16106e+15
1.19624e+15
1.26661e+15
1.40735e+15
1.68883e+15
4.50355e+15
4.50355e+15
4.50355e+15
4.50355e+15
4.50356e+15
4.50356e+15
4.50357e+15
4.50359e+15
2.25182e+15
2.25189e+15
2.25203e+15
2.2523e+15
2.25285e+15
2.25395e+15
2.25615e+15
2.26055e+15
2.26934e+15
2.28694e+15
2.32212e+15
2.39249e+15
2.53323e+15
2.8147e+15
3.37765e+15
9.0071e+15
9.0071e+15
9.0071e+15
9.00711e+15
9.00711e+15
9.00712e+15
9.00714e+15
9.00717e+15
4.50364e+15
4.50378e+15
4.50405e+15
4.5046e+15
4.5057e+15
4.5079e+15
4.5123e+15
4.5211e+15
4.53869e+15
4.57387e+15
4.64424e+15
4.78498e+15
5.06645e+15
5.6294e+15
6.7553e+15
1.80142e+16
1.80142e+16
1.80142e+16
1.80142e+16
1.80142e+16
1.80142e+16
1.80143e+16
1.80143e+16
9.00728e+15
9.00755e+15
9.0081e+15
9.0092e+15
9.0114e+15
9.0158e+15
9.0246e+15
9.04219e+15
9.07737e+15
9.14774e+15
9.28848e+15
9.56995e+15
1.01329e+16
1.12588e+16
1.35106e+16
3.60284e+16
3.60284e+16
3.60284e+16
3.60284e+16
3.60284e+16
3.60285e+16
3.60285e+16
3.60287e+16
1.80146e+16
1.80151e+16
1.80162e+16
1.80184e+16
1.80228e+16
1.80316e+16
1.80492e+16
1.80844e+16
1.81547e+16
1.82955e+16
1.8577e+16
1.91399e+16
2.02658e+16
2.25176e+16
2.70212e+16
7.20568e+16
7.20568e+16
7.20568e+16
7.20568e+16
7.20569e+16
7.20569e+16
7.20571e+16
7.20574e+16
3.60291e+16
3.60302e+16
3.60324e+16
3.60368e+16
3.60456e+16
3.60632e+16
3.60984e+16
3.61687e+16
3.63095e+16
3.6591e+16
3.71539e+16
3.82798e+16
4.05316e+16
4.50352e+16
5.40424e+16
1.44114e+17
1.44114e+17
1.44114e+17
1.44114e+17
1.44114e+17
1.44114e+17
1.44114e+17
1.44115e+17
7.20582e+16
7.20604e+16
7.20648e+16
7.20736e+16
7.20912e+16
7.21264e+16
7.21968e+16
7.23375e+16
7.2619e+16
7.31819e+16
7.43078e+16
7.65596e+16
8.10632e+16
9.00704e+16
1.08085e+17
2.88227e+17
2.88227e+17
2.88227e+17
2.88227e+17
2.88227e+17
2.88228e+17
2.88228e+17
2.88229e+17
1.44116e+17
1.44121e+17
1.4413e+17
1.44147e+17
1.44182e+17
1.44253e+17
1.44393e+17
1.44675e+17
1.45238e+17
1.46364e+17
1.48616e+17
1.53119e+17
1.62126e+17
1.80141e+17
2.1617e+17
5.76454e+17
5.76454e+17
5.76454e+17
5.76455e+17
5.76455e+17
5.76455e+17
5.76457e+17
5.76459e+17
2.88233e+17
2.88242e+17
2.88259e+17
2.88294e+17
2.88365e+17
2.88505e+17
2.88787e+17
2.8935e+17
2.90476e+17
2.92728e+17
2.97231e+17
3.06238e+17
3.24253e+17
3.60282e+17
4.32339e+17
1.15291e+18
1.15291e+18
1.15291e+18
1.15291e+18
1.15291e+18
1.15291e+18
1.15291e+18
1.15292e+18
5.76465e+17
5.76483e+17
5.76518e+17
5.76589e+17
5.76729e+17
5.77011e+17
5.77574e+17
5.787e+17
5.80952e+17
5.85455e+17
5.94462e+17
6.12477e+17
6.48505e+17
7.20563e+17
8.64678e+17
2.30582e+18
2.30582e+18
2.30582e+18
2.30582e+18
2.30582e+18
2.30582e+18
2.30583e+18
2.30583e+18
1.15293e+18
1.15297e+18
1.15304e+18
1.15318e+18
1.15346e+18
1.15402e+18
1.15515e+18
1.1574e+18
1.1619e+18
1.17091e+18
1.18892e+18
1.22495e+18
1.29701e+18
1.44113e+18
1.72936e+18
4.61163e+18
4.61163e+18
4.61164e+18
4.61164e+18
4.61164e+18
4.61164e+18
4.61165e+18
4.61167e+18
2.30586e+18
2.30593e+18
2.30607e+18
2.30635e+18
2.30692e+18
2.30804e+18
2.31029e+18
2.3148e+18
2.32381e+18
2.34182e+18
2.37785e+18
2.44991e+18
2.59402e+18
2.88225e+18
3.45871e+18
9.22327e+18
9.22327e+18
9.22327e+18
9.22327e+18
9.22328e+18
9.22329e+18
9.2233e+18
9.22334e+18
4.61172e+18
4.61186e+18
4.61214e+18
4.61271e+18
4.61383e+18
4.61609e+18
4.62059e+18
4.6296e+18
4.64761e+18
4.68364e+18
4.7557e+18
4.89981e+18
5.18804e+18
5.7645e+18
6.91742e+18
1.84465e+19
1.84465e+19
1.84465e+19
1.84465e+19
1.84466e+19
1.84466e+19
1.84466e+19
1.84467e+19
9.22344e+18
9.22372e+18
9.22429e+18
9.22541e+18
9.22767e+18
9.23217e+18
9.24118e+18
9.25919e+18
9.29522e+18
9.36728e+18
9.51139e+18
9.79962e+18
1.03761e+19
1.1529e+19
1.38348e+19
3.68931e+19
3.68931e+19
3.68931e+19
3.68931e+19
3.68931e+19
3.68931e+19
3.68932e+19
3.68933e+19
1.84469e+19
1.84474e+19
1.84486e+19
1.84508e+19
1.84553e+19
1.84643e+19
1.84824e+19
1.85184e+19
1.85904e+19
1.87346e+19
1.90228e+19
1.95992e+19
2.07522e+19
2.3058e+19
2.76697e+19
7.37861e+19
7.37861e+19
7.37861e+19
7.37862e+19
7.37862e+19
7.37863e+19
7.37864e+19
7.37867e+19
3.68938e+19
3.68949e+19
3.68971e+19
3.69016e+19
3.69107e+19
3.69287e+19
3.69647e+19
3.70368e+19
3.71809e+19
3.74691e+19
3.80456e+19
3.91985e+19
4.15043e+19
4.6116e+19
5.53394e+19
1.47572e+20
1.47572e+20
1.47572e+20
1.47572e+20
1.47572e+20
1.47573e+20
1.47573e+20
1.47573e+20
7.37875e+19
7.37898e+19
7.37943e+19
7.38033e+19
7.38213e+19
7.38573e+19
7.39294e+19
7.40735e+19
7.43617e+19
7.49382e+19
7.60911e+19
7.8397e+19
8.30086e+19
9.2232e+19
1.10679e+20
2.95144e+20
2.95145e+20
2.95145e+20
2.95145e+20
2.95145e+20
2.95145e+20
2.95146e+20
2.95147e+20
1.47575e+20
1.4758e+20
1.47589e+20
1.47607e+20
1.47643e+20
1.47715e+20
1.47859e+20
1.48147e+20
1.48723e+20
1.49876e+20
1.52182e+20
1.56794e+20
1.66017e+20
1.84464e+20
2.21357e+20
5.90289e+20
5.90289e+20
5.90289e+20
5.90289e+20
5.90289e+20
5.9029e+20
5.90291e+20
5.90293e+20
2.9515e+20
2.95159e+20
2.95177e+20
2.95213e+20
2.95285e+20
2.95429e+20
2.95717e+20
2.96294e+20
2.97447e+20
2.99753e+20
3.04364e+20
3.13588e+20
3.32034e+20
3.68928e+20
4.42715e+20
1.18058e+21
1.18058e+21
1.18058e+21
1.18058e+21
1.18058e+21
1.18058e+21
1.18058e+21
1.18059e+21
5.903e+20
5.90318e+20
5.90354e+20
5.90426e+20
5.9057e+20
5.90858e+20
5.91435e+20
5.92588e+20
5.94894e+20
5.99505e+20
6.08729e+20
6.27175e+20
6.64069e+20
7.37856e+20
8.8543e+20
2.36116e+21
2.36116e+21
2.36116e+21
2.36116e+21
2.36116e+21
2.36116e+21
2.36116e+21
2.36117e+21
1.1806e+21
1.18064e+21
1.18071e+21
1.18085e+21
1.18114e+21
1.18172e+21
1.18287e+21
1.18518e+21
1.18979e+21
1.19901e+21
1.21746e+21
1.25435e+21
1.32814e+21
1.47571e+21
1.77086e+21
4.72231e+21
4.72231e+21
4.72231e+21
4.72231e+21
4.72231e+21
4.72232e+21
4.72233e+21
4.72235e+21
2.3612e+21
2.36127e+21
2.36142e+21
2.3617e+21
2.36228e+21
2.36343e+21
2.36574e+21
2.37035e+21
2.37957e+21
2.39802e+21
2.43491e+21
2.5087e+21
2.65628e+21
2.95142e+21
3.54172e+21
9.44462e+21
9.44462e+21
9.44462e+21
9.44462e+21
9.44463e+21
9.44464e+21
9.44466e+21
9.44469e+21
4.7224e+21
4.72254e+21
4.72283e+21
4.72341e+21
4.72456e+21
4.72687e+21
4.73148e+21
4.7407e+21
4.75915e+21
4.79604e+21
4.86983e+21
5.0174e+21
5.31255e+21
5.90285e+21
7.08344e+21
1.88892e+22
1.88892e+22
1.88892e+22
1.88892e+22
1.88893e+22
1.88893e+22
1.88893e+22
1.88894e+22
9.44479e+21
9.44508e+21
9.44566e+21
9.44681e+21
9.44912e+21
9.45373e+21
9.46295e+21
9.4814e+21
9.51829e+21
9.59208e+21
9.73965e+21
1.00348e+22
1.06251e+22
1.18057e+22
1.41669e+22
3.77785e+22
3.77785e+22
3.77785e+22
3.77785e+22
3.77785e+22
3.77785e+22
3.77786e+22
3.77788e+22
1.88896e+22
1.88902e+22
1.88913e+22
1.88936e+22
1.88982e+22
1.89075e+22
1.89259e+22
1.89628e+22
1.90366e+22
1.91842e+22
1.94793e+22
2.00696e+22
2.12502e+22
2.36114e+22
2.83337e+22
7.5557e+22
7.5557e+22
7.5557e+22
7.5557e+22
7.5557e+22
7.55571e+22
7.55572e+22
7.55575e+22
3.77792e+22
3.77803e+22
3.77826e+22
3.77872e+22
3.77965e+22
3.78149e+22
3.78518e+22
3.79256e+22
3.80732e+22
3.83683e+22
3.89586e+22
4.01392e+22
4.25004e+22
4.72228e+22
5.66675e+22
1.51114e+23
1.51114e+23
1.51114e+23
1.51114e+23
1.51114e+23
1.51114e+23
1.51114e+23
1.51115e+23
7.55583e+22
7.55606e+22
7.55652e+22
7.55745e+22
7.55929e+22
7.56298e+22
7.57036e+22
7.58512e+22
7.61463e+22
7.67366e+22
7.79172e+22
8.02784e+22
8.50008e+22
9.44455e+22
1.13335e+23
3.02228e+23
3.02228e+23
3.02228e+23
3.02228e+23
3.02228e+23
3.02228e+23
3.02229e+23
3.0223e+23
1.51117e+23
1.51121e+23
1.5113e+23
1.51149e+23
1.51186e+23
1.5126e+23
1.51407e+23
1.51702e+23
1.52293e+23
1.53473e+23
1.55834e+23
1.60557e+23
1.70002e+23
1.88891e+23
2.2667e+23
6.04456e+23
6.04456e+23
6.04456e+23
6.04456e+23
6.04456e+23
6.04457e+23
6.04458e+23
6.0446e+23
3.02233e+23
3.02242e+23
3.02261e+23
3.02298e+23
3.02372e+23
3.02519e+23
3.02814e+23
3.03405e+23
3.04585e+23
3.06946e+23
3.11669e+23
3.21113e+23
3.40003e+23
3.77782e+23
4.5334e+23
1.20891e+24
1.20891e+24
1.20891e+24
1.20891e+24
1.20891e+24
1.20891e+24
1.20892e+24
1.20892e+24
6.04466e+23
6.04485e+23
6.04522e+23
6.04596e+23
6.04743e+23
6.05038e+23
6.05629e+23
6.06809e+23
6.0917e+23
6.13893e+23
6.23337e+23
6.42227e+23
6.80006e+23
7.55564e+23
9.06679e+23
2.41782e+24
2.41782e+24
2.41782e+24
2.41782e+24
2.41782e+24
2.41783e+24
2.41783e+24
2.41784e+24
1.20893e+24
1.20897e+24
1.20904e+24
1.20919e+24
1.20949e+24
1.21008e+24
1.21126e+24
1.21362e+24
1.21834e+24
1.22779e+24
1.24667e+24
1.28445e+24
1.36001e+24
1.51113e+24
1.81336e+24
4.83564e+24
4.83564e+24
4.83564e+24
4.83565e+24
4.83565e+24
4.83565e+24
4.83566e+24
4.83568e+24
2.41787e+24
2.41794e+24
2.41809e+24
2.41838e+24
2.41897e+24
2.42015e+24
2.42251e+24
2.42724e+24
2.43668e+24
2.45557e+24
2.49335e+24
2.56891e+24
2.72002e+24
3.02225e+24
3.62672e+24
9.67129e+24
9.67129e+24
9.67129e+24
9.67129e+24
9.67129e+24
9.6713e+24
9.67132e+24
9.67136e+24
4.83573e+24
4.83588e+24
4.83617e+24
4.83676e+24
4.83794e+24
4.8403e+24
4.84503e+24
4.85447e+24
4.87336e+24
4.91114e+24
4.9867e+24
5.13781e+24
5.44005e+24
6.04451e+24
7.25343e+24
1.93426e+25
1.93426e+25
1.93426e+25
1.93426e+25
1.93426e+25
1.93426e+25
1.93426e+25
1.93427e+25
9.67146e+24
9.67175e+24
9.67234e+24
9.67352e+24
9.67589e+24
9.68061e+24
9.69005e+24
9.70894e+24
9.74672e+24
9.82228e+24
9.97339e+24
1.02756e+25
1.08801e+25
1.2089e+25
1.45069e+25
3.86851e+25
3.86851e+25
3.86851e+25
3.86852e+25
3.86852e+25
3.86852e+25
3.86853e+25
3.86854e+25
1.93429e+25
1.93435e+25
1.93447e+25
1.9347e+25
1.93518e+25
1.93612e+25
1.93801e+25
1.94179e+25
1.94934e+25
1.96446e+25
1.99468e+25
2.05513e+25
2.17602e+25
2.4178e+25
2.90137e+25
7.73703e+25
7.73703e+25
7.73703e+25
7.73703e+25
7.73703e+25
7.73704e+25
7.73706e+25
7.73709e+25
3.86858e+25
3.8687e+25
3.86894e+25
3.86941e+25
3.87035e+25
3.87224e+25
3.87602e+25
3.88358e+25
3.89869e+25
3.92891e+25
3.98936e+25
4.11025e+25
4.35203e+25
4.83561e+25
5.80275e+25
1.54741e+26
1.54741e+26
1.54741e+26
1.54741e+26
1.54741e+26
1.54741e+26
1.54741e+26
1.54742e+26
7.73716e+25
7.7374e+25
7.73787e+25
7.73882e+25
7.74071e+25
7.74448e+25
7.75204e+25
7.76715e+25
7.79737e+25
7.85782e+25
7.97871e+25
8.2205e+25
8.70407e+25
9.67121e+25
1.16055e+26
3.09481e+26
3.09481e+26
3.09481e+26
3.09481e+26
3.09481e+26
3.09482e+26
3.09482e+26
3.09483e+26
1.54743e+26
1.54748e+26
1.54757e+26
1.54776e+26
1.54814e+26
1.5489e+26
1.55041e+26
1.55343e+26
1.55947e+26
1.57156e+26
1.59574e+26
1.6441e+26
1.74081e+26
1.93424e+26
2.3211e+26
6.18962e+26
6.18962e+26
6.18962e+26
6.18962e+26
6.18963e+26
6.18963e+26
6.18964e+26
6.18967e+26
3.09486e+26
3.09496e+26
3.09515e+26
3.09553e+26
3.09628e+26
3.09779e+26
3.10082e+26
3.10686e+26
3.11895e+26
3.14313e+26
3.19148e+26
3.2882e+26
3.48163e+26
3.86848e+26
4.6422e+26
1.23792e+27
1.23792e+27
1.23792e+27
1.23792e+27
1.23793e+27
1.23793e+27
1.23793e+27
1.23793e+27
6.18973e+26
6.18992e+26
6.1903e+26
6.19105e+26
6.19256e+26
6.19558e+26
6.20163e+26
6.21372e+26
6.2379e+26
6.28625e+26
6.38297e+26
6.5764e+26
6.96325e+26
7.73697e+26
9.28439e+26
2.47585e+27
2.47585e+27
2.47585e+27
2.47585e+27
2.47585e+27
2.47585e+27
2.47586e+27
2.47587e+27
1.23795e+27
1.23798e+27
1.23806e+27
1.23821e+27
1.23851e+27
1.23912e+27
1.24033e+27
1.24274e+27
1.24758e+27
1.25725e+27
1.27659e+27
1.31528e+27
1.39265e+27
1.54739e+27
1.85688e+27
4.9517e+27
4.9517e+27
4.9517e+27
4.9517e+27
4.9517e+27
4.9517e+27
4.95171e+27
4.95173e+27
2.47589e+27
2.47597e+27
2.47612e+27
2.47642e+27
2.47702e+27
2.47823e+27
2.48065e+27
2.48549e+27
2.49516e+27
2.5145e+27
2.55319e+27
2.63056e+27
2.7853e+27
3.09479e+27
3.71376e+27
9.90339e+27
9.90339e+27
9.90339e+27
9.9034e+27
9.9034e+27
9.90341e+27
9.90343e+27
9.90347e+27
4.95178e+27
4.95193e+27
4.95223e+27
4.95284e+27
4.95405e+27
4.95647e+27
4.9613e+27
4.97097e+27
4.99032e+27
5.029e+27
5.10637e+27
5.26112e+27
5.5706e+27
6.18957e+27
7.42751e+27
1.98068e+28
1.98068e+28
1.98068e+28
1.98068e+28
1.98068e+28
1.98068e+28
1.98069e+28
1.98069e+28
9.90356e+27
9.90386e+27
9.90447e+27
9.90568e+27
9.9081e+27
9.91293e+27
9.9226e+27
9.94195e+27
9.98063e+27
1.0058e+28
1.02127e+28
1.05222e+28
1.11412e+28
1.23791e+28
1.4855e+28
3.96136e+28
3.96136e+28
3.96136e+28
3.96136e+28
3.96136e+28
3.96136e+28
3.96137e+28
3.96139e+28
1.98071e+28
1.98077e+28
1.98089e+28
1.98114e+28
1.98162e+28
1.98259e+28
1.98452e+28
1.98839e+28
1.99613e+28
2.0116e+28
2.04255e+28
2.10445e+28
2.22824e+28
2.47583e+28
2.971e+28
7.92271e+28
7.92271e+28
7.92271e+28
7.92271e+28
7.92272e+28
7.92273e+28
7.92274e+28
7.92277e+28
3.96142e+28
3.96154e+28
3.96179e+28
3.96227e+28
3.96324e+28
3.96517e+28
3.96904e+28
3.97678e+28
3.99225e+28
4.0232e+28
4.0851e+28
4.20889e+28
4.45648e+28
4.95165e+28
5.94201e+28
1.58454e+29
1.58454e+29
1.58454e+29
1.58454e+29
1.58454e+29
1.58455e+29
1.58455e+29
1.58455e+29
7.92285e+28
7.92309e+28
7.92357e+28
7.92454e+28
7.92647e+28
7.93034e+28
7.93808e+28
7.95355e+28
7.9845e+28
8.0464e+28
8.17019e+28
8.41778e+28
8.91296e+28
9.90331e+28
1.1884e+29
3.16908e+29
3.16908e+29
3.16908e+29
3.16909e+29
3.16909e+29
3.16909e+29
3.1691e+29
3.16911e+29
1.58457e+29
1.58462e+29
1.58471e+29
1.58491e+29
1.58529e+29
1.58607e+29
1.58762e+29
1.59071e+29
1.5969e+29
1.60928e+29
1.63404e+29
1.68356e+29
1.78259e+29
1.98066e+29
2.3768e+29
6.33817e+29
6.33817e+29
6.33817e+29
6.33817e+29
6.33817e+29
6.33818e+29
6.33819e+29
6.33822e+29
3.16914e+29
3.16923e+29
3.16943e+29
3.16981e+29
3.17059e+29
3.17214e+29
3.17523e+29
3.18142e+29
3.1938e+29
3.21856e+29
3.26808e+29
3.36711e+29
3.56518e+29
3.96132e+29
4.7536e+29
1.26763e+30
1.26763e+30
1.26763e+30
1.26763e+30
1.26763e+30
1.26764e+30
1.26764e+30
1.26764e+30
6.33827e+29
6.33847e+29
6.33886e+29
6.33963e+29
6.34118e+29
6.34427e+29
6.35046e+29
6.36284e+29
6.3876e+29
6.43712e+29
6.53615e+29
6.73422e+29
7.13036e+29
7.92264e+29
9.50721e+29
2.53527e+30
2.53527e+30
2.53527e+30
2.53527e+30
2.53527e+30
2.53527e+30
2.53528e+30
2.53529e+30
1.26765e+30
1.26769e+30
1.26777e+30
1.26793e+30
1.26824e+30
1.26885e+30
1.27009e+30
1.27257e+30
1.27752e+30
1.28742e+30
1.30723e+30
1.34684e+30
1.42607e+30
1.58453e+30
1.90144e+30
5.07053e+30
5.07053e+30
5.07053e+30
5.07054e+30
5.07054e+30
5.07054e+30
5.07055e+30
5.07057e+30
2.53531e+30
2.53539e+30
2.53554e+30
2.53585e+30
2.53647e+30
2.53771e+30
2.54018e+30
2.54514e+30
2.55504e+30
2.57485e+30
2.61446e+30
2.69369e+30
2.85214e+30
3.16906e+30
3.80288e+30
1.01411e+31
1.01411e+31
1.01411e+31
1.01411e+31
1.01411e+31
1.01411e+31
1.01411e+31
1.01411e+31
5.07062e+30
5.07077e+30
5.07108e+30
5.0717e+30
5.07294e+30
5.07542e+30
5.08037e+30
5.09027e+30
5.11008e+30
5.14969e+30
5.22892e+30
5.38738e+30
5.70429e+30
6.33811e+30
7.60576e+30
2.02821e+31
2.02821e+31
2.02821e+31
2.02821e+31
2.02821e+31
2.02822e+31
2.02822e+31
2.02823e+31
1.01412e+31
1.01415e+31
1.01422e+31
1.01434e+31
1.01459e+31
1.01508e+31
1.01607e+31
1.01805e+31
1.02202e+31
1.02994e+31
1.04578e+31
1.07748e+31
1.14086e+31
1.26762e+31
1.52115e+31
4.05643e+31
4.05643e+31
4.05643e+31
4.05643e+31
4.05643e+31
4.05643e+31
4.05644e+31
4.05646e+31
2.02825e+31
2.02831e+31
2.02843e+31
2.02868e+31
2.02918e+31
2.03017e+31
2.03215e+31
2.03611e+31
2.04403e+31
2.05988e+31
2.09157e+31
2.15495e+31
2.28171e+31
2.53525e+31
3.04231e+31
8.11285e+31
8.11285e+31
8.11285e+31
8.11286e+31
8.11286e+31
8.11287e+31
8.11288e+31
8.11291e+31
4.05649e+31
4.05662e+31
4.05686e+31
4.05736e+31
4.05835e+31
4.06033e+31
4.06429e+31
4.07221e+31
4.08806e+31
4.11975e+31
4.18313e+31
4.3099e+31
4.56343e+31
5.07049e+31
6.08461e+31
1.62257e+32
1.62257e+32
1.62257e+32
1.62257e+32
1.62257e+32
1.62257e+32
1.62258e+32
1.62258e+32
8.11299e+31
8.11323e+31
8.11373e+31
8.11472e+31
8.1167e+31
8.12066e+31
8.12858e+31
8.14443e+31
8.17612e+31
8.2395e+31
8.36627e+31
8.6198e+31
9.12686e+31
1.0141e+32
1.21692e+32
3.24514e+32
3.24514e+32
3.24514e+32
3.24514e+32
3.24514e+32
3.24515e+32
3.24515e+32
3.24516e+32
1.6226e+32
1.62265e+32
1.62275e+32
1.62294e+32
1.62334e+32
1.62413e+32
1.62572e+32
1.62889e+32
1.63522e+32
1.6479e+32
1.67325e+32
1.72396e+32
1.82537e+32
2.0282e+32
2.43384e+32
6.49028e+32
6.49028e+32
6.49028e+32
6.49028e+32
6.49029e+32
6.49029e+32
6.4903e+32
6.49033e+32
3.24519e+32
3.24529e+32
3.24549e+32
3.24589e+32
3.24668e+32
3.24826e+32
3.25143e+32
3.25777e+32
3.27045e+32
3.2958e+32
3.34651e+32
3.44792e+32
3.65074e+32
4.05639e+32
4.86769e+32
1.29806e+33
1.29806e+33
1.29806e+33
1.29806e+33
1.29806e+33
1.29806e+33
1.29806e+33
1.29807e+33
6.49039e+32
6.49058e+32
6.49098e+32
6.49177e+32
6.49336e+32
6.49653e+32
6.50286e+32
6.51554e+32
6.54089e+32
6.5916e+32
6.69301e+32
6.89584e+32
7.30148e+32
8.11278e+32
9.73537e+32
2.59611e+33
2.59611e+33
2.59611e+33
2.59611e+33
2.59611e+33
2.59612e+33
2.59612e+33
2.59613e+33
1.29808e+33
1.29812e+33
1.2982e+33
1.29835e+33
1.29867e+33
1.29931e+33
1.30057e+33
1.30311e+33
1.30818e+33
1.31832e+33
1.3386e+33
1.37917e+33
1.4603e+33
1.62256e+33
1.94707e+33
5.19222e+33
5.19222e+33
5.19222e+33
5.19223e+33
5.19223e+33
5.19223e+33
5.19224e+33
5.19226e+33
2.59615e+33
2.59623e+33
2.59639e+33
2.59671e+33
2.59734e+33
2.59861e+33
2.60115e+33
2.60622e+33
2.61636e+33
2.63664e+33
2.6772e+33
2.75833e+33
2.92059e+33
3.24511e+33
3.89415e+33
1.03844e+34
1.03844e+34
1.03844e+34
1.03845e+34
1.03845e+34
1.03845e+34
1.03845e+34
1.03845e+34
5.19231e+33
5.19247e+33
5.19278e+33
5.19342e+33
5.19468e+33
5.19722e+33
5.20229e+33
5.21243e+33
5.23271e+33
5.27328e+33
5.35441e+33
5.51667e+33
5.84119e+33
6.49022e+33
7.7883e+33
2.07689e+34
2.07689e+34
2.07689e+34
2.07689e+34
2.07689e+34
2.07689e+34
2.0769e+34
2.0769e+34
1.03846e+34
1.03849e+34
1.03856e+34
1.03868e+34
1.03894e+34
1.03944e+34
1.04046e+34
1.04249e+34
1.04654e+34
1.05466e+34
1.07088e+34
1.10333e+34
1.16824e+34
1.29804e+34
1.55766e+34
4.15378e+34
4.15378e+34
4.15378e+34
4.15378e+34
4.15378e+34
4.15379e+34
4.15379e+34
4.15381e+34
2.07692e+34
2.07699e+34
2.07711e+34
2.07737e+34
2.07787e+34
2.07889e+34
2.08092e+34
2.08497e+34
2.09308e+34
2.10931e+34
2.14176e+34
2.20667e+34
2.33647e+34
2.59609e+34
3.11532e+34
8.30756e+34
8.30756e+34
8.30756e+34
8.30756e+34
8.30756e+34
8.30757e+34
8.30759e+34
8.30762e+34
4.15384e+34
4.15397e+34
4.15422e+34
4.15473e+34
4.15575e+34
4.15777e+34
4.16183e+34
4.16994e+34
4.18617e+34
4.21862e+34
4.28352e+34
4.41333e+34
4.67295e+34
5.19218e+34
6.23064e+34
1.66151e+35
1.66151e+35
1.66151e+35
1.66151e+35
1.66151e+35
1.66151e+35
1.66152e+35
1.66152e+35
8.30769e+34
8.30794e+34
8.30845e+34
8.30946e+34
8.31149e+34
8.31555e+34
8.32366e+34
8.33989e+34
8.37234e+34
8.43724e+34
8.56705e+34
8.82666e+34
9.34589e+34
1.03844e+35
1.24613e+35
3.32302e+35
3.32302e+35
3.32302e+35
3.32302e+35
3.32302e+35
3.32303e+35
3.32303e+35
3.32305e+35
1.66154e+35
1.66159e+35
1.66169e+35
1.66189e+35
1.6623e+35
1.66311e+35
1.66473e+35
1.66798e+35
1.67447e+35
1.68745e+35
1.71341e+35
1.76533e+35
1.86918e+35
2.07687e+35
2.49225e+35
6.64604e+35
6.64604e+35
6.64604e+35
6.64605e+35
6.64605e+35
6.64606e+35
6.64607e+35
6.64609e+35
3.32307e+35
3.32318e+35
3.32338e+35
3.32378e+35
3.3246e+35
3.32622e+35
3.32946e+35
3.33595e+35
3.34893e+35
3.3749e+35
3.42682e+35
3.53066e+35
3.73836e+35
4.15374e+35
4.98451e+35
1.32921e+36
1.32921e+36
1.32921e+36
1.32921e+36
1.32921e+36
1.32921e+36
1.32921e+36
1.32922e+36
6.64615e+35
6.64635e+35
6.64676e+35
6.64757e+35
6.64919e+35
6.65243e+35
6.65893e+35
6.67191e+35
6.69787e+35
6.74979e+35
6.85364e+35
7.06133e+35
7.47671e+35
8.30748e+35
9.96901e+35
2.65842e+36
2.65842e+36
2.65842e+36
2.65842e+36
2.65842e+36
2.65842e+36
2.65843e+36
2.65844e+36
1.32923e+36
1.32927e+36
1.32935e+36
1.32951e+36
1.32984e+36
1.33049e+36
1.33178e+36
1.33438e+36
1.33957e+36
1.34996e+36
1.37073e+36
1.41227e+36
1.49534e+36
1.6615e+36
1.9938e+36
5.31683e+36
5.31683e+36
5.31683e+36
5.31684e+36
5.31684e+36
5.31684e+36
5.31685e+36
5.31687e+36
2.65846e+36
2.65854e+36
2.6587e+36
2.65903e+36
2.65968e+36
2.66097e+36
2.66357e+36
2.66876e+36
2.67915e+36
2.69992e+36
2.74145e+36
2.82453e+36
2.99068e+36
3.32299e+36
3.98761e+36
1.06337e+37
1.06337e+37
1.06337e+37
1.06337e+37
1.06337e+37
1.06337e+37
1.06337e+37
1.06337e+37
5.31692e+36
5.31708e+36
5.3174e+36
5.31805e+36
5.31935e+36
5.32195e+36
5.32714e+36
5.33752e+36
5.35829e+36
5.39983e+36
5.48291e+36
5.64906e+36
5.98137e+36
6.64598e+36
7.97521e+36
2.12673e+37
2.12673e+37
2.12673e+37
2.12673e+37
2.12674e+37
2.12674e+37
2.12674e+37
2.12675e+37
1.06338e+37
1.06342e+37
1.06348e+37
1.06361e+37
1.06387e+37
1.06439e+37
1.06543e+37
1.0675e+37
1.07166e+37
1.07997e+37
1.09658e+37
1.12981e+37
1.19627e+37
1.3292e+37
1.59504e+37
4.25347e+37
4.25347e+37
4.25347e+37
4.25347e+37
4.25347e+37
4.25347e+37
4.25348e+37
4.2535e+37
2.12677e+37
2.12683e+37
2.12696e+37
2.12722e+37
2.12774e+37
2.12878e+37
2.13085e+37
2.13501e+37
2.14332e+37
2.15993e+37
2.19316e+37
2.25962e+37
2.39255e+37
2.65839e+37
3.19008e+37
8.50693e+37
8.50693e+37
8.50693e+37
8.50693e+37
8.50694e+37
8.50695e+37
8.50696e+37
8.507e+37
4.25353e+37
4.25366e+37
4.25392e+37
4.25444e+37
4.25548e+37
4.25756e+37
4.26171e+37
4.27002e+37
4.28663e+37
4.31986e+37
4.38632e+37
4.51925e+37
4.78509e+37
5.31678e+37
6.38017e+37
1.70139e+38
1.70139e+38
1.70139e+38
1.70139e+38
1.70139e+38
1.70139e+38
1.70139e+38
1.7014e+38
8.50706e+37
8.50732e+37
8.50784e+37
8.50888e+37
8.51096e+37
8.51511e+37
8.52342e+37
8.54003e+37
8.57326e+37
8.63972e+37
8.77265e+37
9.03849e+37
9.57018e+37
1.06336e+38
1.27603e+38
3.40277e+38
3.40277e+38
3.40277e+38
3.40277e+38
3.40278e+38
3.40278e+38
3.40278e+38
3.4028e+38
1.70141e+38
1.70146e+38
1.70157e+38
1.70178e+38
1.70219e+38
1.70302e+38
1.70468e+38
1.70801e+38
1.71465e+38
1.72794e+38
1.75453e+38
1.8077e+38
1.91404e+38
2.12671e+38
2.55207e+38
